#Residue RMSF_Angstrom
0 12.145525
1 10.960050
2 9.782927
3 9.773106
4 9.410479
5 8.006280
6 7.408567
7 7.681773
8 6.739359
9 5.442596
10 5.715117
11 5.418571
12 4.125206
13 3.591297
14 3.944586
15 3.010564
16 1.975011
17 2.310522
18 1.894540
19 1.355350
20 2.105949
21 3.489667
22 4.911656
23 5.774222
24 7.296040
25 7.097312
26 8.547317
27 9.411777
28 8.695107
29 8.129760
30 9.011239
31 10.714246
32 11.182713
33 9.949080
34 9.969353
35 9.030427
36 10.311093
37 10.349374
38 8.692657
39 9.015187
40 10.395664
41 9.569957
42 8.325914
43 9.503645
44 10.393909
45 9.101920
46 8.836168
47 10.525438
48 10.709018
49 9.601229
50 10.430460
51 11.955141
52 11.602553
53 10.944463
54 9.616106
55 8.542343
56 7.324622
57 6.065620
58 6.840850
59 6.766877
60 5.150578
61 4.801301
62 5.862607
63 5.471947
64 3.903752
65 4.439934
66 5.718692
67 5.040025
68 3.954136
69 5.096792
70 6.262308
71 5.405462
72 5.399735
73 6.726582
74 8.339692
75 8.931381
76 10.614384
77 11.194253
78 11.928816
79 10.431362
80 9.540690
81 10.153387
82 9.746577
83 8.113364
84 8.283279
85 9.198821
86 8.064469
87 6.828410
88 7.890277
89 8.446826
90 6.961312
91 6.615272
92 8.224068
93 8.212852
94 6.932540
95 7.637783
96 9.326821
97 10.793053
98 11.407208
99 10.259321
100 10.661297
101 11.591805
102 11.305943
103 12.966217
104 12.917603
105 11.551658
106 12.493896
107 13.805624
108 12.787971
109 12.716466
110 14.434515
111 14.382969
112 13.783499
113 12.631116
114 12.695873
115 11.804197
116 11.350249
117 10.447886
118 9.771400
119 9.350833
120 8.616917
121 7.840620
122 7.241700
123 6.345689
124 5.823082
125 5.386511
126 4.494754
127 3.675122
128 3.742479
129 2.860222
130 2.168427
131 3.187311
132 2.458488
133 3.704754
134 3.932579
135 2.779665
136 2.801834
137 3.210123
138 2.961030
139 4.415413
140 4.480338
141 3.520131
142 4.067988
143 5.543552
144 5.289705
145 4.522717
146 5.577363
147 6.846552
148 6.862287
149 6.115834
150 7.002471
151 6.933732
152 8.290840
153 8.738380
154 8.883121
155 7.374883
156 6.837419
157 7.690126
158 7.164868
159 5.634331
160 5.981509
161 6.896705
162 5.971091
163 4.727378
164 5.663744
165 6.396049
166 5.160706
167 4.639241
168 6.147422
169 6.393528
170 5.131431
171 5.452461
172 7.058535
173 6.873326
174 6.182459
175 4.988230
176 3.810167
177 4.683592
178 5.100532
179 3.695747
180 2.502345
181 1.803846
182 1.918396
183 2.142247
184 2.318332
185 2.327323
186 2.191349
187 2.433651
188 3.125898
189 3.178736
190 2.750133
191 3.529541
192 4.314989
193 4.134763
194 4.314670
195 5.405011
196 6.353775
197 7.184571
198 6.878808
199 6.150624
200 5.682447
201 5.148495
202 6.006368
203 5.386300
204 5.563989
205 5.035957
206 4.334192
207 3.569138
208 3.785213
209 4.527622
210 3.988916
211 3.383440
212 4.600807
213 4.956183
214 3.921877
215 4.278864
216 5.649464
217 5.216857
218 4.352046
219 5.687128
220 5.415071
221 5.743867
222 4.656087
223 5.269951
224 4.941539
225 3.511679
226 3.909062
227 4.905190
228 3.912033
229 3.618489
230 4.994226
231 5.414302
232 4.746992
233 5.486092
234 6.732545
235 6.815372
236 7.196059
237 8.383926
238 9.253013
239 9.232577
240 9.825911
241 10.983507
242 12.009651
243 13.906054
244 8.786370
245 7.404314
246 6.532247
247 5.469567
248 5.538372
249 4.773540
250 5.417714
251 5.124135
252 5.881407
253 7.165756
254 7.200250
255 6.615529
256 5.532172
257 5.789416
258 4.681676
259 5.814784
260 5.914805
261 7.055511
262 7.914091
263 8.744833
264 10.213926
265 10.437485
266 11.626127
267 11.729669
268 11.095710
269 9.432491
270 8.213341
271 9.064227
272 8.833966
273 8.978325
274 7.748827
275 6.678691
276 6.899663
277 7.091405
278 5.588107
279 4.748053
280 5.689649
281 5.569321
282 3.926133
283 4.253512
284 5.662916
285 4.951551
286 4.135496
287 5.491009
288 6.462364
289 8.050550
290 9.183838
291 9.951729
292 8.661039
293 7.734868
294 6.243045
295 4.837367
296 3.816188
297 2.514047
298 2.791834
299 3.005081
300 4.458647
301 5.377817
302 7.051292
303 10.039993
304 9.048601
305 7.461486
306 6.258569
307 5.344114
308 4.280556
309 4.404380
310 3.983170
311 5.429258
312 6.320875
313 7.419429
314 9.065966
315 10.328421
316 11.279875
317 11.922745
318 13.484402
319 13.884062
320 13.673820
321 14.673555
322 15.921295
323 15.861214
324 16.143425
325 17.428583
326 19.155510
327 20.632206
328 21.101618
329 19.359215
330 18.241709
331 19.029654
332 19.133583
333 18.301794
334 16.958031
335 16.929483
336 16.791859
337 15.455940
338 14.560007
339 14.927898
340 14.263892
341 12.753988
342 12.694643
343 13.031113
344 11.751766
345 10.612389
346 11.345461
347 11.287588
348 9.536991
349 9.479704
350 10.649855
351 9.616636
352 8.396040
353 9.705618
354 9.760079
355 11.345531
356 11.285068
357 12.632212
358 12.900539
359 12.912250
360 13.504250
361 13.515849
362 12.167974
363 11.118744
364 11.651774
365 10.753874
366 11.545008
367 10.995427
368 11.902588
369 12.645663
370 13.096490
371 11.971012
372 11.627036
373 10.035391
374 10.104433
375 9.121333
376 9.191466
377 9.499427
378 8.597079
379 8.445364
380 11.692147
381 10.546342
382 11.367726
383 12.105241
384 11.051354
385 10.486214
386 8.887968
387 9.078110
388 9.904546
389 8.712152
390 7.900076
391 9.214723
392 9.600325
393 11.148271
394 12.204393
395 12.864057
396 13.740502
397 12.563158
398 12.221929
399 13.735229
400 13.580309
401 12.239325
402 13.147279
403 14.469085
404 13.531953
405 13.006294
406 14.623866
407 15.302944
408 14.375457
409 14.651014
410 16.327291
411 16.278612
412 15.060869
413 15.491170
414 13.813439
415 12.708752
416 11.972257
417 10.457726
418 10.111650
419 8.625591
420 8.257849
421 7.710347
422 7.747900
423 6.475018
424 6.879182
425 8.122983
426 7.425204
427 6.963391
428 8.359040
429 8.757845
430 7.842590
431 8.527395
432 9.827516
433 9.389239
434 8.154249
435 6.761468
436 6.750090
437 6.014888
438 5.230113
439 5.867098
440 6.823719
441 6.230171
442 6.994805
443 6.637494
444 7.068322
445 7.414804
446 7.013505
447 5.835291
448 5.113368
449 4.853429
450 4.421342
451 4.583470
452 5.014474
453 5.505521
454 6.199018
455 7.500420
456 8.621719
457 9.672638
458 10.958321
459 12.536360
460 13.073147
461 14.292456
462 13.128657
463 12.897886
464 14.347425
465 15.556336
466 16.890099
467 16.490934
468 17.300632
469 16.427019
470 16.559652
471 16.206406
472 14.745123
473 14.329588
474 14.627648
475 13.741726
476 12.333553
477 12.611044
478 12.762737
479 11.342555
480 10.417546
481 9.026209
482 9.026284
483 10.367650
484 10.656225
485 10.686049
486 11.600419
487 13.268877
488 14.420210
489 15.897259
490 16.806614
491 15.835281
492 16.002256
493 17.747990
494 17.777750
495 17.000177
496 18.127960
497 18.058378
498 18.805328
499 19.679188
500 21.328613
501 22.456917
502 17.205894
503 15.360006
504 14.300904
505 12.910718
506 13.825621
507 13.789582
508 13.532640
509 12.695607
510 13.133623
511 14.134398
512 14.336244
513 13.216447
514 13.547159
515 12.643748
516 12.582163
517 11.883844
518 10.829636
519 10.284476
520 9.990975
521 9.279815
522 8.226528
523 7.823573
524 7.523698
525 6.616142
526 5.751664
527 5.507970
528 5.186145
529 3.887279
530 3.437484
531 3.842303
532 3.337025
533 2.129568
534 2.534187
535 3.583100
536 3.201380
537 2.649548
538 2.908755
539 2.700171
540 3.007763
541 3.422136
542 4.753242
543 4.949086
544 4.258272
545 3.855996
546 2.930277
547 3.702808
548 3.666368
549 4.788601
550 4.994264
551 4.420844
552 5.346802
553 5.223571
554 6.486878
555 8.119784
