#Residue RMSF_Angstrom
0 7.213249
1 6.309207
2 4.682686
3 4.549469
4 3.215194
5 2.776160
6 2.558510
7 2.390315
8 1.866803
9 1.523705
10 1.710593
11 1.589752
12 1.205200
13 1.159589
14 1.335096
15 1.227075
16 0.919174
17 0.995954
18 0.827311
19 0.711294
20 0.692678
21 0.674174
22 0.941484
23 1.275398
24 1.488976
25 1.022808
26 1.139413
27 1.423143
28 1.316044
29 1.116213
30 1.102165
31 1.422463
32 1.430790
33 1.125451
34 1.254199
35 1.173394
36 1.024120
37 0.926157
38 0.787650
39 0.805703
40 0.862554
41 0.756044
42 0.663056
43 0.722899
44 0.787332
45 0.654646
46 0.705797
47 0.888028
48 0.929749
49 0.860703
50 1.008667
51 1.162912
52 1.149356
53 1.112941
54 1.004900
55 0.986306
56 0.918994
57 0.820591
58 0.690969
59 0.586089
60 0.571534
61 0.532766
62 0.504950
63 0.492026
64 0.455286
65 0.465540
66 0.536848
67 0.572061
68 0.539010
69 0.612807
70 0.717390
71 0.737661
72 0.792013
73 0.897449
74 1.027170
75 1.019744
76 1.182792
77 1.166273
78 1.138850
79 1.034549
80 0.879693
81 0.879803
82 0.944260
83 0.769670
84 0.701202
85 0.795874
86 0.773548
87 0.590410
88 0.685583
89 0.790954
90 0.726158
91 0.662751
92 0.842674
93 0.907190
94 0.810698
95 0.951316
96 1.161513
97 1.364586
98 1.388719
99 1.128526
100 1.080051
101 1.280971
102 1.209593
103 1.424796
104 1.335321
105 1.081377
106 1.272996
107 1.333925
108 1.197738
109 1.220150
110 1.449648
111 1.619112
112 1.571738
113 1.506443
114 1.667398
115 1.416837
116 1.412177
117 1.297522
118 1.105254
119 1.112008
120 1.148171
121 0.928033
122 0.817838
123 0.867549
124 0.820121
125 0.644939
126 0.662672
127 0.781566
128 0.762902
129 0.697362
130 0.841743
131 0.724722
132 0.701823
133 0.673904
134 0.759878
135 0.667344
136 0.819333
137 0.742237
138 0.758374
139 0.976793
140 1.063704
141 1.018369
142 1.060971
143 1.267595
144 1.445719
145 1.413561
146 1.543589
147 1.899981
148 2.429987
149 2.114265
150 2.489442
151 2.339679
152 2.478642
153 2.335890
154 2.316891
155 2.024362
156 1.805057
157 1.739456
158 1.564137
159 1.390006
160 1.302451
161 1.299238
162 1.168428
163 0.997800
164 0.944783
165 0.965441
166 0.871279
167 0.778408
168 0.761903
169 0.807908
170 0.775702
171 0.669377
172 0.781246
173 0.935123
174 0.987524
175 1.146897
176 0.872589
177 0.800327
178 1.082029
179 0.918521
180 0.888802
181 0.769656
182 0.861483
183 0.932661
184 0.812238
185 0.835905
186 1.023784
187 1.033029
188 0.953374
189 1.115013
190 1.246988
191 1.212807
192 1.267326
193 1.519413
194 1.807529
195 1.887288
196 2.726210
197 3.399301
198 4.807330
199 4.956021
200 5.044847
201 4.455231
202 4.110284
203 3.173377
204 3.084664
205 2.693857
206 2.722928
207 2.423001
208 2.543206
209 2.433653
210 1.966097
211 1.816355
212 2.062402
213 1.979722
214 1.543714
215 1.662856
216 1.935266
217 1.848948
218 1.704561
219 1.837430
220 1.777494
221 1.982419
222 1.884256
223 1.986084
224 1.747569
225 1.512018
226 1.636594
227 1.632502
228 1.339693
229 1.355689
230 1.537968
231 1.438315
232 1.229147
233 1.460177
234 1.560568
235 1.266428
236 1.377611
237 1.667507
238 1.695002
239 1.666130
240 2.182096
241 2.411928
242 3.820196
243 5.218470
244 4.148411
245 2.807239
246 1.594611
247 1.401204
248 1.507514
249 1.757707
250 1.759003
251 2.011206
252 2.579829
253 3.029189
254 2.332240
255 1.697269
256 1.348690
257 1.268450
258 1.209409
259 1.253260
260 1.346921
261 1.375609
262 1.387617
263 1.573359
264 1.990232
265 1.818447
266 2.283036
267 2.124393
268 1.900923
269 1.553487
270 1.299847
271 1.209787
272 1.028460
273 1.235872
274 1.181955
275 0.933135
276 0.877781
277 0.978204
278 0.861064
279 0.777323
280 0.943631
281 0.954890
282 0.883195
283 0.956679
284 1.096386
285 1.239834
286 1.436354
287 1.725290
288 1.896990
289 1.388255
290 1.455312
291 1.142076
292 1.056622
293 1.123600
294 1.306691
295 1.183099
296 1.231476
297 1.095661
298 0.972357
299 1.042508
300 0.991676
301 1.265007
302 1.780748
303 2.012004
304 1.577419
305 1.217739
306 1.280257
307 1.137169
308 1.049686
309 1.045113
310 1.083372
311 1.150075
312 1.271584
313 1.295540
314 1.180419
315 1.351604
316 1.090953
317 0.945714
318 0.748555
319 0.861089
320 1.039236
321 1.120238
322 1.123520
323 1.214449
324 1.392864
325 1.354471
326 1.669679
327 2.050252
328 1.888504
329 1.259081
330 1.133303
331 1.380089
332 1.382453
333 1.529664
334 1.287471
335 1.060105
336 1.254723
337 1.320404
338 1.012766
339 1.043119
340 1.261822
341 1.136034
342 0.966528
343 1.048856
344 1.216615
345 1.063380
346 0.942052
347 1.161247
348 1.231231
349 1.101267
350 1.115865
351 1.405984
352 1.412326
353 1.286051
354 1.118270
355 0.957107
356 0.844810
357 1.005784
358 0.926767
359 0.741073
360 0.752668
361 0.704666
362 0.915569
363 0.884165
364 0.829862
365 0.958080
366 1.038228
367 1.474541
368 2.812997
369 3.433517
370 2.618006
371 1.436288
372 1.093883
373 1.054952
374 0.862322
375 0.882346
376 0.920566
377 1.078308
378 1.300729
379 1.254431
380 1.403250
381 1.273797
382 1.103692
383 0.885977
384 1.005920
385 1.090333
386 1.371708
387 1.485164
388 1.341547
389 1.488925
390 1.785761
391 1.838276
392 1.940729
393 2.159624
394 1.683602
395 1.302717
396 1.095067
397 1.175200
398 1.016786
399 0.819326
400 0.919029
401 0.913958
402 0.732012
403 0.723446
404 0.859759
405 0.824157
406 0.674588
407 0.783110
408 0.929645
409 0.860437
410 0.807014
411 1.017956
412 1.194207
413 1.015228
414 1.224210
415 1.170492
416 1.192594
417 1.301801
418 1.500293
419 1.705232
420 2.050841
421 1.893318
422 1.736835
423 1.964214
424 1.920271
425 1.573929
426 1.640344
427 1.856124
428 1.676569
429 1.493385
430 1.789212
431 1.886906
432 1.688134
433 1.768454
434 2.068973
435 2.135874
436 2.101915
437 2.468815
438 2.683599
439 2.813093
440 2.427898
441 2.282578
442 2.369808
443 2.895490
444 2.913500
445 2.300958
446 2.542803
447 2.273103
448 2.414104
449 2.312398
450 2.698613
451 2.594883
452 2.395418
453 2.640736
454 2.653629
455 2.514471
456 2.437315
457 2.214536
458 2.136515
459 2.014610
460 1.682935
461 1.915032
462 2.007258
463 1.628764
464 1.471943
465 1.680662
466 1.515345
467 1.437598
468 1.756614
469 1.911861
470 1.756698
471 1.414763
472 1.472737
473 1.601420
474 1.370810
475 1.220953
476 1.450898
477 1.412334
478 1.133346
479 1.250391
480 1.443074
481 1.524921
482 1.693749
483 1.498041
484 1.680566
485 1.730797
486 1.436484
487 1.399111
488 1.331454
489 1.197510
490 1.479535
491 1.549033
492 1.331636
493 1.453354
494 1.710474
495 1.645594
496 1.795846
497 1.552087
498 1.610568
499 1.964618
500 3.163328
501 4.395144
502 6.288057
503 4.142682
504 1.678036
505 1.209742
506 1.244438
507 1.203249
508 1.177408
509 1.064650
510 1.212795
511 1.387145
512 1.352757
513 1.241570
514 1.331802
515 1.405893
516 1.801365
517 1.454754
518 1.142539
519 1.303868
520 1.419051
521 1.195964
522 1.108911
523 1.180980
524 1.106560
525 0.936567
526 0.936613
527 1.039930
528 0.985905
529 0.881336
530 0.920902
531 1.042077
532 1.044124
533 0.993804
534 1.131286
535 1.287609
536 1.491177
537 1.442494
538 1.868871
539 1.616580
540 1.569427
541 1.347964
542 1.589013
543 2.003811
544 1.897854
545 2.376107
546 2.386432
547 2.583921
548 2.781570
549 2.791569
550 2.632146
551 2.708873
552 3.284988
553 3.801368
554 3.309461
555 4.121838
