# Contacts: LigContacts
# Native contacts determined from mask ':LIG' and mask ':1-556'
#                     Contact  Nframes    Frac.      Avg    Stdev
       1   :557@H51_:331@HD21       20      0.8     3.33    0.665
       2    :557@H23_:332@HD3       18     0.72     3.48     0.57
       3   :557@C26_:331@HD21       18     0.72     3.79    0.438
       4    :557@H52_:332@HD2       17     0.68     3.42    0.681
       5   :557@H51_:331@HD22       17     0.68     3.43    0.489
       6     :557@C25_:322@HH       17     0.68     3.78    0.381
       7     :557@H20_:332@HA       16     0.64     2.77    0.464
       8      :557@H_:327@HG3       16     0.64     2.84    0.562
       9    :557@H48_:327@HD3       16     0.64     3.04    0.607
      10    :557@H20_:332@HG3       16     0.64      3.2    0.644
      11      :557@H20_:332@N       16     0.64     3.24    0.487
      12     :557@H20_:332@CA       16     0.64     3.36    0.317
      13      :557@H_:327@HG2       16     0.64     3.36    0.606
      14    :557@C24_:327@HD3       16     0.64     3.37    0.394
      15     :557@H49_:322@HH       16     0.64      3.6    0.578
      16     :557@H49_:322@OH       16     0.64     3.63    0.453
      17    :557@C26_:332@HD2       16     0.64     3.67    0.521
      18      :557@H23_:330@O       16     0.64     3.67    0.454
      19     :557@H20_:332@CG       16     0.64     3.68    0.449
      20    :557@H52_:332@HD3       16     0.64     3.73    0.644
      21     :557@C25_:322@OH       16     0.64     3.79    0.315
      22      :557@H19_:330@O       15      0.6     2.78    0.477
      23    :557@H19_:329@HG2       15      0.6     3.14    0.726
      24       :557@H_:327@CG       15      0.6     3.38    0.397
      25     :557@C10_:332@HA       15      0.6     3.45     0.32
      26      :557@H19_:330@C       15      0.6     3.48    0.334
      27      :557@N_:332@HG3       15      0.6     3.52    0.579
      28     :557@N2_:327@HG3       15      0.6     3.52    0.372
      29      :557@C_:327@HG2       15      0.6     3.73    0.365
      30     :557@H23_:327@CB       15      0.6     3.73    0.348
      31   :557@C26_:331@HD22       15      0.6     3.81    0.403
      32      :557@C10_:332@N       15      0.6     3.97    0.193
      33      :557@C12_:330@O       15      0.6     3.98    0.292
      34     :557@H15_:332@HA       14     0.56     2.69    0.682
      35    :557@H24_:329@HG2       14     0.56     2.81     0.53
      36     :557@H17_:332@HA       14     0.56        3    0.816
      37    :557@H20_:332@HD3       14     0.56     3.13    0.551
      38    :557@H23_:327@HB2       14     0.56     3.22    0.482
      39     :557@H50_:322@HH       14     0.56     3.25    0.647
      40     :557@H50_:322@OH       14     0.56     3.34    0.633
      41    :557@H24_:327@HB2       14     0.56     3.36    0.609
      42      :557@C10_:330@O       14     0.56     3.42    0.301
      43      :557@H20_:331@C       14     0.56     3.43     0.56
      44     :557@H20_:332@CD       14     0.56     3.44    0.424
      45      :557@C8_:332@HA       14     0.56     3.49    0.477
      46   :557@H52_:331@HD21       14     0.56     3.64    0.553
      47      :557@H20_:331@O       14     0.56     3.64    0.477
      48   :557@H52_:331@HD22       14     0.56     3.71    0.579
      49      :557@H19_:331@C       14     0.56     3.81     0.38
      50    :557@C10_:332@HD3       14     0.56     3.85    0.301
      51    :557@C12_:332@HD3       14     0.56     3.94    0.408
      52      :557@C10_:331@C       14     0.56      4.1    0.254
      53    :557@H17_:332@HB3       13     0.52     3.03    0.617
      54      :557@H20_:330@O       13     0.52     3.33    0.584
      55     :557@H24_:329@CG       13     0.52     3.37     0.45
      56    :557@C12_:329@HG2       13     0.52     3.39    0.409
      57    :557@C10_:329@HG2       13     0.52     3.41    0.375
      58    :557@H24_:329@HD2       13     0.52     3.59    0.562
      59    :557@C12_:327@HB2       13     0.52     3.61     0.31
      60      :557@H_:327@HB3       13     0.52     3.61    0.603
      61      :557@N1_:332@HA       13     0.52     3.65    0.295
      62      :557@H25_:331@O       13     0.52     3.65    0.637
      63    :557@H23_:327@HB3       13     0.52     3.73    0.417
      64      :557@H19_:331@O       13     0.52     3.78    0.369
      65     :557@H50_:322@CZ       13     0.52     3.88    0.313
      66      :557@C_:332@HG3       13     0.52     4.09    0.323
      67    :557@H44_:332@HD3       13     0.52     4.11    0.349
      68     :557@C13_:332@HA       13     0.52     4.12    0.213
      69      :557@C10_:331@O       13     0.52     4.13    0.248
      70     :557@H15_:332@CA       12     0.48     3.38    0.416
      71      :557@H15_:333@H       12     0.48     3.42    0.579
      72    :557@H44_:327@HD3       12     0.48     3.42    0.489
      73      :557@H27_:331@O       12     0.48     3.47      0.6
      74     :557@H52_:332@CD       12     0.48     3.55    0.534
      75      :557@C13_:331@O       12     0.48     3.62    0.312
      76     :557@C26_:326@HA       12     0.48      3.7    0.426
      77     :557@H19_:329@CG       12     0.48     3.72    0.485
      78    :557@H27_:330@HA3       12     0.48     3.73     0.51
      79   :557@H52_:331@HD23       12     0.48     3.73    0.689
      80    :557@C26_:327@HD3       12     0.48     3.78    0.451
      81    :557@C26_:332@HG2       12     0.48     3.89    0.454
      82     :557@H24_:329@CD       12     0.48     3.93    0.352
      83    :557@H52_:332@HG2       11     0.44     3.06    0.535
      84      :557@H15_:331@O       11     0.44     3.06    0.638
      85    :557@H24_:329@HG3       11     0.44     3.18    0.536
      86     :557@H51_:326@HA       11     0.44     3.31    0.658
      87     :557@H17_:332@CB       11     0.44     3.44    0.416
      88    :557@H44_:327@HG3       11     0.44     3.45    0.503
      89     :557@H17_:332@CA       11     0.44     3.49    0.573
      90     :557@H52_:332@CG       11     0.44     3.51    0.524
      91    :557@H19_:329@HB2       11     0.44     3.52    0.801
      92      :557@C9_:332@HA       11     0.44     3.53     0.53
      93    :557@H23_:329@HG2       11     0.44     3.56    0.583
      94      :557@H15_:332@N       11     0.44     3.61    0.492
      95    :557@H26_:330@HA3       11     0.44     3.67     0.53
      96     :557@H52_:326@HA       11     0.44     3.69    0.575
      97     :557@H49_:322@CZ       11     0.44      3.7    0.339
      98    :557@H48_:327@HG2       11     0.44     3.73    0.464
      99    :557@C13_:330@HA3       11     0.44     3.76    0.334
     100     :557@H44_:327@CG       11     0.44     3.77      0.4
     101      :557@H19_:330@N       11     0.44     3.81    0.328
     102    :557@H44_:332@HG2       11     0.44     3.81    0.752
     103      :557@H26_:331@O       11     0.44     3.83    0.652
     104     :557@N2_:327@HG2       11     0.44     3.85    0.309
     105     :557@H19_:330@CA       11     0.44     3.97    0.287
     106      :557@N2_:327@CG       11     0.44     3.98    0.185
     107     :557@H48_:327@CG       11     0.44     4.03    0.375
     108    :557@H48_:327@HG3       11     0.44     4.07    0.204
     109      :557@C10_:330@C       11     0.44      4.1    0.178
     110    :557@C10_:327@HB2       11     0.44     4.11    0.321
     111     :557@C25_:322@CZ       11     0.44     4.12    0.139
     112    :557@H17_:332@HG3       10      0.4     3.29    0.675
     113    :557@H44_:327@HG2       10      0.4     3.38    0.387
     114    :557@H51_:327@HD3       10      0.4     3.52    0.713
     115     :557@C9_:332@HB3       10      0.4     3.78    0.392
     116      :557@H20_:330@C       10      0.4     3.82    0.386
     117      :557@H15_:333@N       10      0.4     3.92    0.509
     118      :557@H17_:333@H       10      0.4     3.95    0.418
     119     :557@C12_:329@CG       10      0.4     3.96    0.232
     120    :557@C24_:332@HG2       10      0.4     3.99    0.351
     121      :557@H19_:329@C       10      0.4     4.13    0.386
     122     :557@H15_:332@CB       10      0.4      4.2    0.142
     123      :557@H15_:331@C        9     0.36     3.34     0.32
     124    :557@C25_:327@HD3        9     0.36     3.62    0.584
     125       :557@C8_:331@O        9     0.36     3.65    0.357
     126    :557@H52_:331@CD2        9     0.36     3.66    0.525
     127    :557@H52_:327@HD3        9     0.36     3.66    0.616
     128    :557@H13_:327@HB3        9     0.36     3.71    0.778
     129     :557@H20_:331@HA        9     0.36     3.71    0.318
     130    :557@H49_:322@CE2        9     0.36     3.72    0.455
     131     :557@H17_:332@CG        9     0.36     3.74    0.497
     132       :557@O_:332@HA        9     0.36      3.8    0.274
     133     :557@H20_:331@CA        9     0.36     3.84    0.288
     134    :557@C12_:329@HG3        9     0.36     3.85    0.308
     135    :557@H19_:329@HD2        9     0.36     3.86    0.459
     136    :557@H44_:332@HD2        9     0.36     3.99    0.328
     137   :557@C25_:331@HD21        9     0.36     4.02    0.437
     138    :557@H20_:329@HG2        9     0.36     4.04    0.265
     139     :557@C5_:327@HG3        9     0.36      4.1    0.313
     140     :557@C12_:327@CB        9     0.36     4.16    0.203
     141      :557@N_:327@HG2        9     0.36      4.2    0.242
     142      :557@C13_:331@C        9     0.36     4.25    0.146
     143    :557@H50_:322@CE1        9     0.36     4.29    0.249
     144     :557@H49_:326@HA        8     0.32     3.17     0.65
     145    :557@H49_:327@HD3        8     0.32     3.26    0.831
     146    :557@H49_:322@HE2        8     0.32     3.58    0.513
     147     :557@C23_:322@HH        8     0.32     3.74    0.445
     148     :557@H18_:332@HA        8     0.32     3.76    0.417
     149      :557@H26_:330@O        8     0.32     3.84    0.669
     150    :557@H19_:330@HA3        8     0.32     3.94    0.277
     151      :557@N_:332@HD3        8     0.32     3.96    0.338
     152      :557@C_:327@HB3        8     0.32     3.97    0.288
     153    :557@C12_:327@HB3        8     0.32     4.04    0.296
     154     :557@H46_:322@HH        8     0.32     4.04    0.324
     155      :557@H20_:331@N        8     0.32     4.05    0.267
     156     :557@C7_:327@HG2        8     0.32     4.07    0.245
     157      :557@H51_:325@O        8     0.32     4.08    0.481
     158      :557@C8_:332@CA        8     0.32      4.1    0.145
     159      :557@H20_:333@H        8     0.32     4.15    0.328
     160    :557@H18_:332@HB3        8     0.32     4.21    0.275
     161   :557@H49_:331@HD21        7     0.28     3.36    0.628
     162    :557@H44_:332@HG3        7     0.28     3.62    0.491
     163     :557@H16_:332@HA        7     0.28     3.63    0.522
     164     :557@C9_:332@HG3        7     0.28     3.63    0.333
     165    :557@C11_:332@HG3        7     0.28     3.65    0.384
     166      :557@H17_:332@N        7     0.28     3.66    0.266
     167     :557@H51_:327@CD        7     0.28     3.68    0.504
     168     :557@H51_:326@CA        7     0.28      3.7    0.358
     169   :557@H49_:335@HG22        7     0.28     3.73    0.701
     170      :557@H15_:332@C        7     0.28     3.77    0.316
     171    :557@C13_:467@HG2        7     0.28     3.81    0.338
     172    :557@H23_:329@HD2        7     0.28     3.86    0.633
     173    :557@H49_:322@CE1        7     0.28     3.88    0.528
     174    :557@H13_:327@HG2        7     0.28     3.91    0.285
     175    :557@C12_:329@HD2        7     0.28     3.91    0.247
     176    :557@H25_:467@HG2        7     0.28     3.91    0.405
     177     :557@C6_:327@HG2        7     0.28        4    0.441
     178     :557@H17_:332@CD        7     0.28     4.05     0.27
     179      :557@C9_:332@CA        7     0.28     4.06    0.176
     180       :557@C8_:331@C        7     0.28     4.07    0.134
     181    :557@H20_:327@HB2        7     0.28     4.08    0.251
     182      :557@N_:329@HG2        7     0.28     4.12    0.269
     183     :557@H44_:332@CD        7     0.28     4.14    0.165
     184       :557@C8_:332@N        7     0.28     4.22      0.1
     185    :557@H50_:322@HE1        7     0.28     4.25    0.159
     186     :557@C26_:327@CD        7     0.28     4.25    0.316
     187   :557@H49_:331@HD22        6     0.24     3.21    0.672
     188    :557@H27_:467@HG2        6     0.24     3.48    0.717
     189    :557@H21_:332@HG3        6     0.24     3.57    0.249
     190    :557@H13_:327@HB2        6     0.24     3.68    0.698
     191    :557@H13_:327@HG3        6     0.24     3.71    0.703
     192     :557@H44_:332@CG        6     0.24     3.79    0.264
     193    :557@H43_:332@HG2        6     0.24     3.89    0.429
     194       :557@C8_:333@H        6     0.24      3.9    0.549
     195        :557@O_:333@H        6     0.24      3.9    0.486
     196    :557@H26_:412@HD1        6     0.24     3.92    0.392
     197     :557@C23_:322@OH        6     0.24     3.95    0.337
     198     :557@H23_:329@CG        6     0.24     3.98    0.445
     199    :557@H11_:327@HG2        6     0.24        4    0.532
     200   :557@C25_:331@HD23        6     0.24     4.06    0.425
     201    :557@H49_:332@HD2        6     0.24     4.06    0.473
     202     :557@C5_:327@HG2        6     0.24     4.12    0.374
     203     :557@H26_:332@HA        6     0.24     4.16    0.102
     204       :557@N1_:331@O        6     0.24     4.22    0.173
     205    :557@C10_:329@HD2        6     0.24     4.23    0.188
     206    :557@H13_:329@HG2        6     0.24     4.23    0.255
     207      :557@N1_:332@CA        6     0.24     4.31    0.118
     208       :557@C_:327@CB        6     0.24     4.32    0.143
     209     :557@H15_:332@CD        6     0.24     4.32    0.105
     210     :557@H3_:327@HB3        5      0.2     3.06    0.576
     211    :557@H49_:331@CD2        5      0.2     3.22    0.211
     212   :557@H49_:331@HD23        5      0.2     3.27    0.564
     213    :557@H45_:332@HG2        5      0.2     3.47    0.606
     214      :557@H16_:333@H        5      0.2     3.48    0.254
     215    :557@H27_:412@HD1        5      0.2     3.53     0.66
     216     :557@H3_:327@HG3        5      0.2     3.55     0.64
     217    :557@H45_:327@HD3        5      0.2      3.6    0.791
     218      :557@H26_:330@C        5      0.2     3.61    0.523
     219     :557@H7_:327@HB3        5      0.2     3.62    0.654
     220    :557@C22_:332@HG2        5      0.2     3.68    0.354
     221     :557@C6_:327@HG3        5      0.2     3.71    0.462
     222     :557@H26_:330@CA        5      0.2     3.73    0.471
     223      :557@H26_:412@O        5      0.2     3.73    0.554
     224     :557@H52_:326@CA        5      0.2     3.85    0.316
     225    :557@H52_:327@HD2        5      0.2     3.89     0.24
     226     :557@H13_:327@CG        5      0.2     3.93    0.439
     227     :557@C7_:327@HB3        5      0.2     3.94    0.477
     228     :557@C6_:327@HB3        5      0.2     3.96     0.38
     229    :557@H17_:332@HD3        5      0.2     3.99     0.28
     230    :557@C25_:331@CD2        5      0.2     4.04    0.236
     231    :557@H13_:329@HD2        5      0.2     4.06    0.379
     232     :557@H2_:327@HB3        5      0.2     4.07      0.2
     233    :557@C25_:332@HG2        5      0.2     4.08    0.551
     234     :557@H46_:322@OH        5      0.2     4.08    0.401
     235     :557@C7_:327@HB2        5      0.2     4.08    0.399
     236     :557@H3_:327@HG2        5      0.2     4.09    0.174
     237      :557@C_:327@HB2        5      0.2     4.14    0.212
     238      :557@N_:327@HB2        5      0.2      4.2    0.374
     239      :557@C9_:332@CG        5      0.2     4.25    0.158
     240    :557@H17_:332@HG2        5      0.2     4.28    0.237
     241       :557@N1_:332@N        5      0.2     4.33    0.062
     242    :557@H13_:332@HD3        4     0.16     3.34     0.97
     243     :557@H13_:327@CB        4     0.16     3.48      0.5
     244      :557@H3_:327@CB        4     0.16      3.6    0.288
     245    :557@H12_:332@HG2        4     0.16      3.6    0.456
     246   :557@C25_:331@HD22        4     0.16     3.62    0.242
     247    :557@H12_:332@HG3        4     0.16     3.67    0.621
     248     :557@C1_:327@HB3        4     0.16     3.72    0.203
     249     :557@H26_:412@HA        4     0.16     3.73   0.0531
     250    :557@H23_:329@HG3        4     0.16     3.75    0.122
     251      :557@H3_:327@CG        4     0.16      3.8    0.448
     252    :557@H45_:332@HG3        4     0.16     3.88     0.39
     253    :557@C13_:412@HD1        4     0.16     3.89    0.416
     254     :557@H52_:327@CD        4     0.16     3.92    0.466
     255    :557@H27_:467@HB3        4     0.16     3.94    0.382
     256      :557@H26_:331@N        4     0.16     3.98    0.139
     257    :557@H52_:327@HG2        4     0.16     4.01    0.395
     258      :557@H17_:332@C        4     0.16     4.09    0.117
     259      :557@H18_:333@H        4     0.16     4.09     0.39
     260     :557@C11_:332@HA        4     0.16     4.11   0.0957
     261     :557@C13_:412@HA        4     0.16     4.14    0.238
     262    :557@H15_:332@HG3        4     0.16     4.16    0.216
     263       :557@C9_:333@H        4     0.16     4.17    0.278
     264    :557@H52_:327@HG3        4     0.16     4.19    0.352
     265     :557@C5_:327@HB3        4     0.16     4.19    0.182
     266     :557@H25_:412@HA        4     0.16     4.19    0.254
     267      :557@H17_:333@N        4     0.16      4.2    0.112
     268      :557@H17_:331@C        4     0.16     4.21    0.208
     269    :557@H18_:332@HG3        4     0.16     4.22    0.163
     270      :557@H23_:330@C        4     0.16     4.23    0.178
     271    :557@C13_:467@HB3        4     0.16     4.26    0.181
     272      :557@H17_:331@O        4     0.16     4.26    0.171
     273      :557@C7_:327@CG        4     0.16     4.29    0.134
     274     :557@C12_:329@CD        4     0.16     4.37    0.107
     275       :557@N_:332@HA        4     0.16     4.37   0.0486
     276    :557@H12_:332@HD3        3     0.12     3.17    0.239
     277    :557@H12_:327@HG3        3     0.12     3.22    0.857
     278   :557@C25_:335@HG22        3     0.12     3.35    0.388
     279      :557@H25_:333@H        3     0.12     3.37    0.223
     280   :557@H50_:335@HG22        3     0.12     3.42    0.692
     281     :557@H12_:332@CD        3     0.12     3.44    0.327
     282      :557@H3_:327@HA        3     0.12     3.51    0.886
     283    :557@H25_:412@HD1        3     0.12     3.52    0.459
     284     :557@H12_:332@CG        3     0.12     3.54  0.00756
     285      :557@H26_:331@C        3     0.12     3.61     0.13
     286    :557@H27_:412@CD1        3     0.12     3.66     0.44
     287    :557@H12_:327@HB3        3     0.12      3.7    0.657
     288    :557@H27_:412@HE1        3     0.12     3.72   0.0727
     289     :557@H27_:467@CG        3     0.12     3.73    0.148
     290    :557@C23_:332@HG2        3     0.12     3.74    0.383
     291     :557@H45_:332@CG        3     0.12     3.82    0.287
     292    :557@H11_:332@HG2        3     0.12     3.85    0.153
     293      :557@C6_:327@CG        3     0.12     3.89   0.0313
     294    :557@H27_:412@CE1        3     0.12     3.91     0.29
     295      :557@H25_:333@N        3     0.12     3.95    0.246
     296      :557@C13_:333@H        3     0.12     4.01    0.251
     297     :557@C6_:332@HD3        3     0.12     4.03    0.199
     298    :557@C13_:412@HE1        3     0.12     4.08    0.398
     299     :557@C6_:332@HG2        3     0.12      4.1     0.29
     300     :557@H27_:467@CB        3     0.12     4.14    0.177
     301    :557@H14_:327@HB3        3     0.12     4.17    0.301
     302     :557@H3_:327@HB2        3     0.12     4.21   0.0689
     303      :557@H16_:333@N        3     0.12     4.23   0.0925
     304    :557@H13_:329@HD3        3     0.12     4.24    0.162
     305       :557@C9_:332@N        3     0.12     4.27    0.109
     306      :557@C6_:332@CG        3     0.12     4.27    0.107
     307    :557@H11_:332@HD3        3     0.12     4.31   0.0861
     308     :557@H20_:330@CA        3     0.12     4.31   0.0734
     309     :557@C22_:332@CG        3     0.12     4.33    0.119
     310      :557@H26_:332@N        3     0.12     4.34   0.0206
     311     :557@H18_:332@CA        3     0.12     4.34    0.193
     312    :557@C14_:327@HG2        3     0.12     4.36   0.0555
     313      :557@H20_:330@N        3     0.12     4.45   0.0258
     314    :557@H12_:327@HG2        2     0.08     2.79     0.69
     315     :557@H12_:327@CG        2     0.08     2.93   0.0675
     316    :557@H11_:332@HG3        2     0.08     3.09    0.423
     317    :557@H25_:412@HE1        2     0.08     3.25    0.753
     318    :557@H51_:325@HG3        2     0.08     3.26     1.04
     319    :557@H38_:332@HG2        2     0.08     3.42        1
     320    :557@H10_:327@HG3        2     0.08      3.5    0.669
     321    :557@H25_:412@CE1        2     0.08     3.56    0.689
     322     :557@C6_:332@HG3        2     0.08     3.57    0.377
     323    :557@H25_:412@CD1        2     0.08     3.62    0.465
     324    :557@H25_:467@HB3        2     0.08     3.65   0.0244
     325     :557@H12_:327@CD        2     0.08     3.67    0.535
     326     :557@H12_:327@CB        2     0.08     3.68    0.535
     327    :557@H41_:335@OG1        2     0.08     3.74    0.655
     328   :557@H45_:335@HG22        2     0.08     3.77    0.575
     329    :557@H45_:335@OG1        2     0.08      3.8    0.407
     330     :557@H11_:332@CG        2     0.08     3.83    0.143
     331    :557@H45_:335@HG1        2     0.08     3.87   0.0107
     332      :557@H26_:331@H        2     0.08     3.87   0.0645
     333   :557@H25_:336@HD13        2     0.08     3.91    0.115
     334    :557@H27_:467@HB2        2     0.08     3.92    0.293
     335     :557@H3_:328@HD2        2     0.08     3.93    0.198
     336      :557@C7_:327@CB        2     0.08     3.94    0.221
     337     :557@H52_:327@CG        2     0.08     3.94    0.278
     338    :557@C26_:327@HG3        2     0.08     3.94    0.484
     339      :557@O_:412@HE1        2     0.08     4.01    0.425
     340    :557@H46_:332@HG2        2     0.08     4.02    0.149
     341      :557@H23_:330@H        2     0.08     4.04    0.248
     342      :557@H26_:333@H        2     0.08     4.06   0.0966
     343      :557@C6_:327@CB        2     0.08     4.08   0.0159
     344    :557@C23_:335@OG1        2     0.08     4.09     0.37
     345    :557@H38_:335@OG1        2     0.08     4.09    0.385
     346    :557@C13_:412@CD1        2     0.08     4.09   0.0495
     347    :557@H13_:328@HD2        2     0.08     4.11   0.0888
     348    :557@H20_:329@HD2        2     0.08     4.13    0.259
     349      :557@N_:327@HB3        2     0.08     4.13    0.366
     350     :557@H21_:332@HA        2     0.08     4.14    0.099
     351    :557@H26_:412@CD1        2     0.08     4.15   0.0888
     352    :557@H12_:327@HD2        2     0.08     4.15    0.207
     353    :557@C23_:335@HG1        2     0.08     4.15    0.189
     354    :557@H38_:332@HG3        2     0.08     4.15     0.32
     355     :557@H25_:467@CB        2     0.08     4.16   0.0367
     356    :557@H10_:332@HG3        2     0.08     4.16    0.297
     357    :557@H25_:333@HB2        2     0.08     4.18    0.119
     358    :557@H14_:327@HB2        2     0.08     4.19   0.0372
     359   :557@H45_:331@HD22        2     0.08     4.23    0.232
     360     :557@H13_:329@CD        2     0.08     4.24   0.0796
     361     :557@H25_:333@HA        2     0.08     4.25     0.14
     362     :557@C6_:327@HB2        2     0.08     4.27   0.0609
     363    :557@H26_:412@HE1        2     0.08     4.28    0.186
     364    :557@H45_:332@HD3        2     0.08     4.29   0.0458
     365      :557@C1_:327@CB        2     0.08     4.35    0.109
     366   :557@C23_:331@HD22        2     0.08     4.36   0.0873
     367     :557@H26_:331@CA        2     0.08     4.36   0.0291
     368     :557@H13_:327@HA        2     0.08     4.36  0.00269
     369     :557@H14_:327@CB        2     0.08     4.41   0.0636
     370     :557@C23_:332@CG        2     0.08     4.42  0.00991
     371      :557@H20_:331@H        2     0.08     4.47   0.0215
     372    :557@H28_:332@HG3        1     0.04     2.78 2.98e-08
     373   :557@H46_:335@HG22        1     0.04     2.79 2.98e-08
     374    :557@H38_:332@HB2        1     0.04     2.85        0
     375      :557@H_:332@HG2        1     0.04     2.88        0
     376    :557@H25_:333@HB1        1     0.04     2.89        0
     377    :557@H10_:327@HG2        1     0.04      2.9        0
     378      :557@H_:332@HG3        1     0.04     2.95        0
     379    :557@H45_:332@HD2        1     0.04     2.97        0
     380    :557@H46_:335@OG1        1     0.04     3.04        0
     381    :557@H46_:335@HG1        1     0.04     3.07        0
     382    :557@H10_:327@HB3        1     0.04      3.1        0
     383      :557@O_:333@HB2        1     0.04     3.16 4.21e-08
     384    :557@H41_:335@HG1        1     0.04     3.17        0
     385     :557@N4_:332@HG2        1     0.04      3.2        0
     386     :557@H38_:332@CB        1     0.04     3.21        0
     387     :557@H10_:327@CG        1     0.04     3.22        0
     388    :557@H45_:332@HB2        1     0.04     3.23        0
     389    :557@H12_:327@HB2        1     0.04     3.23        0
     390    :557@H38_:332@HB3        1     0.04     3.24        0
     391     :557@H38_:332@CG        1     0.04     3.24 4.21e-08
     392     :557@H23_:329@CD        1     0.04     3.26        0
     393   :557@H45_:331@HD23        1     0.04     3.28        0
     394    :557@C19_:332@HG2        1     0.04     3.29        0
     395       :557@H_:332@CG        1     0.04     3.31        0
     396    :557@H33_:332@HB3        1     0.04     3.33        0
     397      :557@O_:333@HB1        1     0.04     3.36        0
     398    :557@C14_:332@HG3        1     0.04     3.39 4.21e-08
     399   :557@C23_:335@HG22        1     0.04     3.41 4.21e-08
     400    :557@H28_:332@HG2        1     0.04     3.42        0
     401    :557@C21_:332@HG2        1     0.04     3.46        0
     402   :557@H45_:331@HD21        1     0.04     3.46 4.21e-08
     403     :557@H28_:332@CG        1     0.04     3.47        0
     404    :557@H15_:333@HB2        1     0.04     3.51        0
     405    :557@H15_:333@HB1        1     0.04     3.52 4.21e-08
     406     :557@N6_:335@OG1        1     0.04     3.56        0
     407    :557@H33_:332@HG2        1     0.04     3.56        0
     408       :557@C8_:333@N        1     0.04     3.57 4.21e-08
     409     :557@N6_:335@HG1        1     0.04     3.59        0
     410    :557@C14_:332@HG2        1     0.04      3.6        0
     411     :557@N2_:332@HG3        1     0.04     3.61 4.21e-08
     412    :557@C13_:333@HB1        1     0.04     3.66 4.21e-08
     413    :557@H46_:335@CG2        1     0.04     3.67        0
     414    :557@H28_:332@HB3        1     0.04     3.69        0
     415    :557@H16_:333@HB2        1     0.04     3.69        0
     416     :557@H45_:332@CD        1     0.04     3.69        0
     417     :557@H15_:333@CA        1     0.04     3.69        0
     418     :557@C8_:333@HB1        1     0.04     3.69        0
     419   :557@H26_:336@HD12        1     0.04     3.69        0
     420     :557@H10_:327@CB        1     0.04      3.7        0
     421       :557@O_:333@CB        1     0.04     3.71        0
     422    :557@H25_:467@HB2        1     0.04     3.71        0
     423     :557@N4_:332@HG3        1     0.04     3.73        0
     424     :557@N2_:332@HG2        1     0.04     3.76        0
     425     :557@H15_:333@CB        1     0.04     3.76        0
     426       :557@N1_:333@H        1     0.04     3.77 4.21e-08
     427    :557@C16_:332@HG2        1     0.04     3.78 4.21e-08
     428        :557@O_:333@N        1     0.04      3.8        0
     429     :557@H25_:333@CB        1     0.04     3.81        0
     430     :557@C8_:333@HB2        1     0.04     3.82        0
     431    :557@H45_:331@CD2        1     0.04     3.83        0
     432     :557@H45_:332@CB        1     0.04     3.86        0
     433    :557@C19_:332@HB2        1     0.04     3.87        0
     434      :557@N4_:332@CG        1     0.04     3.88        0
     435     :557@H25_:412@CZ        1     0.04     3.88        0
     436      :557@H_:332@HD3        1     0.04     3.89 4.21e-08
     437      :557@H23_:330@N        1     0.04      3.9        0
     438     :557@H15_:333@HA        1     0.04     3.91        0
     439      :557@C5_:327@CG        1     0.04     3.91        0
     440    :557@H23_:329@HD3        1     0.04     3.91        0
     441    :557@H41_:332@HB2        1     0.04     3.93        0
     442     :557@H46_:335@CB        1     0.04     3.93        0
     443     :557@C14_:332@CG        1     0.04     3.93 4.21e-08
     444     :557@H45_:335@HB        1     0.04     3.93 4.21e-08
     445     :557@H33_:332@CB        1     0.04     3.93        0
     446    :557@C13_:412@CE1        1     0.04     3.93        0
     447    :557@H33_:332@HG3        1     0.04     3.97        0
     448   :557@C23_:331@HD23        1     0.04     3.99        0
     449     :557@C5_:332@HG3        1     0.04     3.99        0
     450     :557@H13_:327@CA        1     0.04        4        0
     451     :557@H33_:332@CG        1     0.04     4.01 5.96e-08
     452   :557@H46_:335@HG21        1     0.04     4.02        0
     453    :557@C23_:332@HD2        1     0.04     4.04        0
     454       :557@N_:327@CB        1     0.04     4.05        0
     455    :557@H20_:330@HA3        1     0.04     4.05 5.96e-08
     456   :557@H46_:331@HD23        1     0.04     4.05        0
     457     :557@H45_:335@CB        1     0.04     4.07        0
     458    :557@H45_:335@CG2        1     0.04     4.08        0
     459    :557@H30_:332@HG2        1     0.04     4.08        0
     460     :557@H28_:332@CB        1     0.04      4.1 5.96e-08
     461    :557@C19_:335@OG1        1     0.04      4.1        0
     462     :557@N5_:332@HG2        1     0.04      4.1        0
     463   :557@H25_:336@HD12        1     0.04     4.11        0
     464    :557@H33_:332@HB2        1     0.04     4.13        0
     465      :557@C8_:333@CB        1     0.04     4.13        0
     466      :557@N2_:332@CG        1     0.04     4.13        0
     467    :557@H14_:329@HG3        1     0.04     4.13        0
     468    :557@C23_:332@HB2        1     0.04     4.14 5.96e-08
     469       :557@C8_:332@C        1     0.04     4.16        0
     470    :557@C13_:467@HB2        1     0.04     4.16        0
     471       :557@H_:332@CD        1     0.04     4.18        0
     472    :557@H16_:333@HB1        1     0.04     4.21 5.96e-08
     473    :557@H26_:333@HB1        1     0.04     4.22        0
     474     :557@C19_:332@CG        1     0.04     4.22 5.96e-08
     475    :557@C16_:332@HB3        1     0.04     4.22        0
     476   :557@C23_:331@HD21        1     0.04     4.23        0
     477    :557@H38_:335@HG1        1     0.04     4.23        0
     478    :557@H26_:412@CE1        1     0.04     4.23        0
     479    :557@H14_:329@HD2        1     0.04     4.24        0
     480    :557@H14_:329@HG2        1     0.04     4.24        0
     481     :557@C7_:329@HD2        1     0.04     4.24        0
     482      :557@C13_:333@N        1     0.04     4.26        0
     483     :557@H46_:335@HB        1     0.04     4.26        0
     484      :557@H15_:332@O        1     0.04     4.26        0
     485    :557@H38_:332@HD2        1     0.04     4.26        0
     486    :557@H46_:332@HB2        1     0.04     4.27        0
     487      :557@H23_:327@O        1     0.04     4.29        0
     488     :557@H25_:333@CA        1     0.04     4.29 5.96e-08
     489     :557@H25_:412@CG        1     0.04      4.3 5.96e-08
     490     :557@C19_:332@CB        1     0.04      4.3        0
     491      :557@H23_:329@N        1     0.04      4.3 5.96e-08
     492    :557@C19_:332@HB3        1     0.04     4.31        0
     493      :557@H52_:327@N        1     0.04     4.33 5.96e-08
     494    :557@C10_:330@HA3        1     0.04     4.34 5.96e-08
     495   :557@H26_:336@HD13        1     0.04     4.34        0
     496     :557@N6_:332@HB2        1     0.04     4.35        0
     497      :557@H23_:329@C        1     0.04     4.35        0
     498    :557@H10_:327@HB2        1     0.04     4.35        0
     499     :557@H23_:329@CB        1     0.04     4.35        0
     500    :557@C23_:335@CG2        1     0.04     4.36        0
     501     :557@H38_:332@CD        1     0.04     4.37        0
     502      :557@H18_:333@N        1     0.04     4.37        0
     503      :557@H26_:333@N        1     0.04     4.38        0
     504     :557@N4_:332@HB3        1     0.04     4.38        0
     505      :557@N_:329@HD2        1     0.04     4.39        0
     506    :557@C16_:332@HG3        1     0.04     4.39        0
     507     :557@H25_:412@HZ        1     0.04     4.39 5.96e-08
     508     :557@H41_:335@CB        1     0.04      4.4 5.96e-08
     509      :557@H13_:327@C        1     0.04      4.4        0
     510     :557@H23_:330@CA        1     0.04      4.4        0
     511     :557@C9_:332@HD3        1     0.04     4.41        0
     512      :557@H23_:327@C        1     0.04     4.41        0
     513    :557@C19_:335@HG1        1     0.04     4.41        0
     514     :557@H16_:333@CB        1     0.04     4.42        0
     515      :557@C8_:333@CA        1     0.04     4.42        0
     516     :557@C16_:332@CG        1     0.04     4.42        0
     517     :557@C13_:333@CB        1     0.04     4.43        0
     518    :557@H27_:467@OE2        1     0.04     4.43 5.96e-08
     519   :557@C13_:336@HD12        1     0.04     4.43        0
     520      :557@C5_:327@CB        1     0.04     4.44 5.96e-08
     521       :557@O_:333@CA        1     0.04     4.44        0
     522    :557@H28_:327@HG2        1     0.04     4.45        0
     523     :557@N6_:332@HG2        1     0.04     4.45 5.96e-08
     524    :557@C14_:332@HB3        1     0.04     4.47 5.96e-08
     525    :557@C13_:333@HB2        1     0.04     4.47        0
     526    :557@H41_:332@HB3        1     0.04     4.48        0
     527     :557@H14_:329@CG        1     0.04     4.48        0
     528    :557@H11_:332@HB3        1     0.04     4.48 5.96e-08
     529    :557@H18_:333@HB2        1     0.04     4.49        0
