#Residue RMSF_Angstrom
0 6.677551
1 5.225279
2 3.263839
3 3.136925
4 2.139777
5 1.847327
6 1.803475
7 1.789359
8 1.492822
9 1.260207
10 1.342257
11 1.198570
12 0.980947
13 0.965194
14 1.011001
15 0.866281
16 0.824990
17 1.519389
18 1.705832
19 1.106793
20 0.669217
21 0.604147
22 0.773381
23 1.023805
24 1.032558
25 0.805799
26 0.927975
27 1.221145
28 1.076840
29 0.936461
30 0.933894
31 1.267370
32 1.098953
33 0.940622
34 1.073245
35 0.955653
36 0.978252
37 0.869124
38 0.711280
39 0.781075
40 0.861586
41 0.717736
42 0.625555
43 0.761202
44 0.794568
45 0.703914
46 0.771725
47 0.892325
48 0.921101
49 0.948893
50 1.151721
51 1.255143
52 1.246601
53 1.257384
54 1.098406
55 1.082855
56 1.024117
57 0.823369
58 0.730153
59 0.613591
60 0.546610
61 0.530776
62 0.499487
63 0.472322
64 0.456354
65 0.439077
66 0.439098
67 0.451643
68 0.439390
69 0.453679
70 0.558913
71 0.576114
72 0.653226
73 0.765518
74 0.893204
75 0.881352
76 1.028018
77 1.009488
78 1.008267
79 0.839558
80 0.707310
81 0.772315
82 0.773585
83 0.618715
84 0.630511
85 0.718597
86 0.667383
87 0.572226
88 0.655269
89 0.759113
90 0.701427
91 0.679379
92 0.811577
93 0.873178
94 0.864944
95 0.973536
96 1.241889
97 1.852871
98 1.431936
99 1.172425
100 1.066309
101 1.142626
102 1.049240
103 1.207499
104 1.189731
105 0.976641
106 1.077850
107 1.236653
108 1.102654
109 1.103183
110 1.373142
111 1.438757
112 1.346473
113 1.257012
114 1.268986
115 1.088645
116 1.222242
117 1.056866
118 0.864149
119 0.922422
120 0.931912
121 0.766516
122 0.740131
123 0.790112
124 0.689959
125 0.592879
126 0.624143
127 0.634756
128 0.565946
129 0.545271
130 0.623161
131 0.669118
132 0.675498
133 0.697619
134 0.812645
135 0.770249
136 0.818254
137 0.739561
138 0.713861
139 0.800447
140 0.899866
141 0.866373
142 0.878767
143 1.058574
144 1.150874
145 1.126324
146 1.196673
147 1.420579
148 1.516603
149 1.449440
150 1.703323
151 1.591964
152 1.650292
153 1.663767
154 1.646344
155 1.374864
156 1.252543
157 1.271379
158 1.238489
159 1.045797
160 1.011010
161 1.059745
162 0.924908
163 0.830833
164 0.820392
165 0.806249
166 0.757782
167 0.686819
168 0.696323
169 0.774152
170 0.761488
171 0.619731
172 0.693864
173 0.793149
174 0.834769
175 0.934238
176 0.763170
177 0.710602
178 0.854586
179 0.912886
180 0.935773
181 0.755785
182 0.772144
183 0.793907
184 0.755723
185 0.736407
186 0.875697
187 0.897784
188 0.820174
189 0.884313
190 1.008313
191 1.014834
192 0.989858
193 1.173626
194 1.445308
195 1.378789
196 1.659930
197 2.467739
198 2.919872
199 3.226314
200 3.459779
201 2.853215
202 2.942419
203 2.298866
204 2.712269
205 2.180753
206 2.248331
207 2.030018
208 2.035883
209 2.018455
210 1.657828
211 1.425524
212 1.553171
213 1.620799
214 1.255149
215 1.253972
216 1.545908
217 1.562354
218 1.414917
219 1.636244
220 1.313332
221 1.394759
222 1.302753
223 1.392332
224 1.273838
225 1.065929
226 1.162067
227 1.219476
228 0.993552
229 1.067428
230 1.167571
231 1.053676
232 1.032139
233 1.389548
234 1.396243
235 1.220170
236 1.444687
237 1.648316
238 1.544979
239 1.546034
240 2.244970
241 2.665838
242 4.108633
243 5.075011
244 3.732507
245 2.610066
246 1.467846
247 1.106940
248 0.994438
249 0.931815
250 1.037275
251 1.242381
252 2.057431
253 1.723259
254 1.395713
255 0.979309
256 0.868656
257 0.930481
258 0.869563
259 1.131992
260 1.017340
261 1.062191
262 1.017768
263 1.061215
264 1.123533
265 1.001248
266 1.146266
267 1.165313
268 1.233785
269 1.020694
270 0.946790
271 1.030302
272 0.980382
273 1.098955
274 1.014300
275 0.877421
276 0.881630
277 0.921195
278 0.843508
279 0.814797
280 0.833498
281 0.889895
282 0.904962
283 0.880069
284 0.995690
285 1.040234
286 1.051102
287 1.345690
288 1.393843
289 1.144471
290 1.138655
291 0.925954
292 0.898561
293 0.899662
294 0.885906
295 0.837163
296 0.794123
297 0.740255
298 0.748247
299 0.758591
300 0.820652
301 0.965783
302 1.114042
303 1.318846
304 1.091378
305 0.933908
306 0.907395
307 0.844405
308 0.907121
309 0.884777
310 0.836409
311 0.907659
312 0.879593
313 0.865861
314 0.937757
315 1.137828
316 1.106701
317 1.105871
318 0.894186
319 1.067765
320 1.248408
321 1.208870
322 1.097981
323 1.366891
324 1.546195
325 1.481786
326 2.024654
327 2.472746
328 2.607729
329 1.868501
330 1.331494
331 1.379313
332 1.183136
333 1.283024
334 1.094967
335 0.825755
336 0.919030
337 1.018444
338 0.795973
339 0.718403
340 0.910004
341 0.868288
342 0.702089
343 0.762104
344 0.911404
345 0.828843
346 0.760471
347 0.936932
348 0.942106
349 0.902121
350 0.983608
351 1.140899
352 1.118627
353 1.192282
354 1.029656
355 0.975103
356 0.853779
357 1.044463
358 1.025754
359 0.768833
360 0.745464
361 0.722945
362 0.954430
363 0.805994
364 0.729045
365 0.846457
366 0.942900
367 1.410726
368 2.537637
369 2.124599
370 1.410926
371 1.185295
372 0.895751
373 0.925219
374 0.776679
375 0.819672
376 0.944931
377 1.104917
378 1.606225
379 1.466195
380 1.272635
381 1.159923
382 1.003977
383 0.868040
384 1.033973
385 1.091838
386 1.343877
387 1.410164
388 1.350217
389 1.485964
390 1.747803
391 1.837598
392 2.126200
393 2.446513
394 1.745085
395 1.306112
396 1.073984
397 1.055102
398 1.006929
399 0.802388
400 0.815809
401 0.876834
402 0.741880
403 0.643520
404 0.771242
405 0.725689
406 0.599859
407 0.635201
408 0.754419
409 0.735862
410 0.765955
411 0.968046
412 1.025115
413 1.011719
414 1.013482
415 0.919450
416 0.927168
417 1.110021
418 1.305497
419 1.591109
420 2.061827
421 1.762185
422 1.696312
423 1.868003
424 1.748594
425 1.449940
426 1.542389
427 1.662822
428 1.494629
429 1.353716
430 1.558631
431 1.619905
432 1.438055
433 1.508142
434 1.789293
435 1.927815
436 1.970733
437 2.447005
438 2.814062
439 2.879538
440 2.434772
441 2.362478
442 2.433928
443 2.908252
444 3.062765
445 2.535509
446 2.820237
447 2.495036
448 2.693089
449 2.455188
450 2.829066
451 2.777125
452 2.416558
453 2.559674
454 2.434734
455 2.434610
456 2.219775
457 1.838289
458 1.753362
459 1.669580
460 1.330793
461 1.416052
462 1.465763
463 1.136326
464 1.114462
465 1.482390
466 1.370182
467 1.283070
468 1.347399
469 1.454491
470 1.325985
471 1.063146
472 1.148415
473 1.236629
474 1.064595
475 0.957618
476 1.195852
477 1.212148
478 1.012905
479 1.098329
480 1.305063
481 1.425409
482 1.526912
483 1.343823
484 1.519898
485 1.520818
486 1.246678
487 1.168367
488 1.118240
489 0.951571
490 1.169490
491 1.226539
492 1.018882
493 1.078977
494 1.407326
495 1.319878
496 1.468928
497 1.214528
498 1.217112
499 1.782055
500 3.370472
501 4.631162
502 4.484980
503 2.848868
504 1.616826
505 1.137521
506 1.200760
507 1.140186
508 1.141651
509 1.062506
510 1.139276
511 1.306535
512 1.377148
513 1.575802
514 2.119941
515 1.557957
516 1.506823
517 1.845671
518 1.339106
519 1.446726
520 1.618713
521 1.403860
522 1.329510
523 1.529450
524 1.387675
525 0.966472
526 0.940789
527 1.091023
528 0.984695
529 0.789204
530 0.811217
531 0.870821
532 0.977731
533 0.914264
534 0.846804
535 0.981773
536 1.050127
537 0.994571
538 1.041674
539 0.976745
540 0.952582
541 1.108649
542 1.021787
543 1.202414
544 1.236627
545 1.478914
546 1.359097
547 1.756154
548 1.997184
549 1.664507
550 1.625493
551 1.214225
552 1.492740
553 1.735392
554 2.649499
555 3.125395
