# Contacts: LigContacts
# Native contacts determined from mask ':LIG' and mask ':1-556'
#                     Contact  Nframes    Frac.      Avg    Stdev
       1     :557@N7_:329@HG3        2     0.08     4.35    0.066
       2    :557@H33_:329@HG2        1     0.04     1.91        0
       3     :557@H42_:332@HA        1     0.04     2.06 2.98e-08
       4    :557@H32_:327@HG2        1     0.04     2.25        0
       5     :557@H41_:332@HA        1     0.04     2.26        0
       6    :557@H34_:329@HG3        1     0.04     2.27        0
       7    :557@H41_:332@HB3        1     0.04     2.48        0
       8    :557@H29_:332@HD3        1     0.04     2.51        0
       9    :557@H36_:332@HD3        1     0.04     2.54 2.98e-08
      10    :557@H36_:332@HB3        1     0.04     2.58        0
      11     :557@C21_:332@HA        1     0.04      2.6 2.98e-08
      12    :557@H37_:332@HD3        1     0.04     2.61 2.98e-08
      13      :557@H37_:332@N        1     0.04     2.64        0
      14    :557@H34_:329@HG2        1     0.04     2.76 2.98e-08
      15     :557@H33_:329@CG        1     0.04     2.77 2.98e-08
      16     :557@H37_:332@HA        1     0.04     2.78        0
      17    :557@H33_:329@HD2        1     0.04     2.79        0
      18      :557@H37_:331@C        1     0.04     2.79        0
      19    :557@H32_:332@HD3        1     0.04     2.81        0
      20    :557@H32_:327@HB2        1     0.04     2.85        0
      21      :557@H37_:331@O        1     0.04     2.93        0
      22    :557@H33_:329@HG3        1     0.04     2.94        0
      23    :557@H29_:327@HG2        1     0.04     2.98 4.21e-08
      24     :557@H36_:332@HA        1     0.04     2.99        0
      25     :557@H34_:329@CG        1     0.04     2.99        0
      26    :557@C17_:329@HG2        1     0.04        3        0
      27    :557@C19_:332@HD3        1     0.04     3.01        0
      28      :557@H37_:330@O        1     0.04     3.02        0
      29    :557@H33_:327@HB2        1     0.04     3.05        0
      30     :557@H37_:332@CD        1     0.04     3.09        0
      31     :557@H32_:327@CG        1     0.04     3.13 4.21e-08
      32     :557@H42_:332@CA        1     0.04     3.14        0
      33      :557@H42_:333@H        1     0.04     3.15 4.21e-08
      34     :557@H37_:332@CA        1     0.04     3.15        0
      35     :557@H41_:332@CA        1     0.04     3.15        0
      36      :557@H32_:330@O        1     0.04     3.15        0
      37      :557@H33_:330@O        1     0.04     3.17        0
      38     :557@C19_:332@HA        1     0.04     3.17        0
      39    :557@H30_:327@HG2        1     0.04     3.18        0
      40     :557@H36_:332@CD        1     0.04     3.23        0
      41     :557@H41_:332@CB        1     0.04     3.25 4.21e-08
      42     :557@H36_:332@CB        1     0.04     3.27        0
      43     :557@H32_:327@CB        1     0.04     3.28        0
      44    :557@C18_:329@HG3        1     0.04     3.29 4.21e-08
      45    :557@H29_:332@HG3        1     0.04     3.29        0
      46    :557@C17_:327@HG2        1     0.04      3.3 4.21e-08
      47      :557@H36_:332@N        1     0.04     3.31        0
      48     :557@H36_:332@CA        1     0.04     3.34        0
      49    :557@C17_:327@HB2        1     0.04     3.37        0
      50     :557@H33_:329@CD        1     0.04     3.38        0
      51    :557@H30_:327@HG3        1     0.04     3.38        0
      52      :557@H42_:331@O        1     0.04     3.41        0
      53    :557@H30_:327@HB3        1     0.04     3.41        0
      54    :557@C21_:332@HB3        1     0.04     3.42        0
      55      :557@N7_:332@HA        1     0.04     3.42        0
      56    :557@H32_:327@HB3        1     0.04     3.43        0
      57    :557@C19_:332@HB3        1     0.04     3.46        0
      58      :557@C19_:332@N        1     0.04     3.47        0
      59    :557@C17_:332@HD3        1     0.04     3.47 4.21e-08
      60     :557@H40_:332@HA        1     0.04     3.48        0
      61      :557@C17_:330@O        1     0.04     3.52        0
      62      :557@H41_:333@H        1     0.04     3.53        0
      63     :557@H29_:332@CD        1     0.04     3.53        0
      64    :557@C18_:329@HG2        1     0.04     3.54        0
      65    :557@H37_:332@HB3        1     0.04     3.56        0
      66    :557@C15_:332@HD3        1     0.04     3.56        0
      67    :557@C15_:327@HG2        1     0.04     3.59 4.21e-08
      68    :557@H36_:332@HG3        1     0.04      3.6        0
      69    :557@C17_:329@HD2        1     0.04      3.6        0
      70    :557@H42_:332@HB3        1     0.04     3.61        0
      71     :557@C21_:332@CA        1     0.04     3.61 4.21e-08
      72     :557@H36_:332@CG        1     0.04     3.62        0
      73     :557@H30_:327@CG        1     0.04     3.63        0
      74    :557@H33_:327@HG2        1     0.04     3.64        0
      75    :557@H32_:327@HG3        1     0.04     3.64 4.21e-08
      76    :557@H26_:332@HG3        1     0.04     3.65 4.21e-08
      77    :557@H32_:329@HG2        1     0.04     3.65        0
      78     :557@N6_:329@HG2        1     0.04     3.68        0
      79     :557@C19_:332@CD        1     0.04     3.68        0
      80     :557@C19_:332@CA        1     0.04     3.68 4.21e-08
      81    :557@C19_:329@HG2        1     0.04      3.7 4.21e-08
      82    :557@H37_:329@HG2        1     0.04     3.73        0
      83    :557@H32_:329@HD2        1     0.04     3.74        0
      84     :557@N7_:329@HG2        1     0.04     3.75        0
      85     :557@H37_:331@HA        1     0.04     3.75        0
      86    :557@H29_:327@HG3        1     0.04     3.76        0
      87     :557@H37_:331@CA        1     0.04     3.76        0
      88      :557@H37_:330@C        1     0.04     3.77        0
      89    :557@H31_:332@HB3        1     0.04     3.78        0
      90    :557@H35_:329@HG3        1     0.04     3.78        0
      91    :557@H37_:327@HG2        1     0.04     3.79        0
      92      :557@H42_:332@N        1     0.04     3.81        0
      93     :557@C17_:329@CG        1     0.04     3.82 4.21e-08
      94     :557@H32_:332@CD        1     0.04     3.82 4.21e-08
      95     :557@H29_:327@CG        1     0.04     3.82        0
      96      :557@C19_:330@O        1     0.04     3.82        0
      97    :557@C17_:329@HG3        1     0.04     3.83        0
      98    :557@H41_:332@HB2        1     0.04     3.83        0
      99     :557@N6_:329@HG3        1     0.04     3.83        0
     100     :557@H37_:332@CB        1     0.04     3.84        0
     101      :557@C19_:331@C        1     0.04     3.84        0
     102     :557@H29_:332@CG        1     0.04     3.85        0
     103      :557@H42_:333@N        1     0.04     3.86        0
     104      :557@C21_:333@H        1     0.04     3.87        0
     105     :557@H30_:327@CB        1     0.04     3.88        0
     106     :557@H33_:327@CB        1     0.04      3.9 4.21e-08
     107     :557@C18_:329@CG        1     0.04     3.93        0
     108      :557@C19_:331@O        1     0.04     3.93        0
     109    :557@H37_:332@HD2        1     0.04     3.93        0
     110    :557@H29_:332@HB3        1     0.04     3.95        0
     111    :557@H34_:329@HD2        1     0.04     3.98 4.21e-08
     112    :557@H33_:329@HD3        1     0.04     3.98        0
     113     :557@H42_:332@CB        1     0.04     3.99        0
     114     :557@C17_:327@CB        1     0.04     3.99        0
     115      :557@H33_:330@H        1     0.04     3.99        0
     116      :557@H42_:331@C        1     0.04        4        0
     117     :557@N7_:332@HB3        1     0.04        4        0
     118      :557@H41_:332@N        1     0.04     4.01 5.96e-08
     119      :557@H42_:332@C        1     0.04     4.01        0
     120     :557@C19_:332@CB        1     0.04     4.03        0
     121     :557@H34_:329@CD        1     0.04     4.04        0
     122    :557@H30_:332@HD3        1     0.04     4.05        0
     123      :557@H36_:331@C        1     0.04     4.06        0
     124    :557@H33_:327@HB3        1     0.04     4.06        0
     125    :557@C17_:327@HB3        1     0.04     4.06 5.96e-08
     126     :557@H37_:332@CG        1     0.04     4.06        0
     127    :557@H31_:332@HD3        1     0.04     4.07        0
     128     :557@H33_:329@CB        1     0.04     4.07        0
     129    :557@H26_:332@HB3        1     0.04     4.08 5.96e-08
     130     :557@C21_:332@CB        1     0.04     4.08 5.96e-08
     131    :557@C19_:327@HG2        1     0.04     4.08        0
     132      :557@H37_:331@N        1     0.04     4.09        0
     133     :557@N6_:329@HD2        1     0.04     4.09        0
     134    :557@H33_:329@HB2        1     0.04     4.11        0
     135    :557@H30_:327@HB2        1     0.04     4.11        0
     136     :557@C17_:327@CG        1     0.04     4.11        0
     137    :557@C15_:327@HG3        1     0.04     4.12        0
     138    :557@H29_:332@HD2        1     0.04     4.14        0
     139      :557@H33_:330@C        1     0.04     4.15 5.96e-08
     140     :557@N5_:332@HG3        1     0.04     4.15        0
     141    :557@C20_:329@HG2        1     0.04     4.16 5.96e-08
     142    :557@H34_:329@HD3        1     0.04     4.16        0
     143    :557@H34_:329@HB2        1     0.04     4.17        0
     144    :557@H36_:327@HG2        1     0.04     4.18        0
     145    :557@H26_:332@HD3        1     0.04     4.19        0
     146     :557@N6_:327@HB2        1     0.04     4.19 5.96e-08
     147     :557@H34_:329@CB        1     0.04      4.2 5.96e-08
     148      :557@N6_:329@CG        1     0.04      4.2        0
     149    :557@H33_:332@HD3        1     0.04      4.2 5.96e-08
     150    :557@H40_:332@HB3        1     0.04      4.2 5.96e-08
     151      :557@H32_:332@N        1     0.04      4.2 5.96e-08
     152    :557@C15_:332@HG3        1     0.04     4.21        0
     153    :557@H39_:332@HB3        1     0.04     4.22        0
     154     :557@N6_:327@HG2        1     0.04     4.23 5.96e-08
     155    :557@C20_:329@HG3        1     0.04     4.24        0
     156    :557@H38_:329@HG3        1     0.04     4.25        0
     157      :557@H41_:332@C        1     0.04     4.25        0
     158    :557@H36_:332@HD2        1     0.04     4.25        0
     159      :557@C21_:331@O        1     0.04     4.26        0
     160    :557@H36_:332@HB2        1     0.04     4.26        0
     161      :557@H33_:330@N        1     0.04     4.26        0
     162      :557@H40_:333@H        1     0.04     4.26        0
     163      :557@N7_:332@CA        1     0.04     4.26        0
     164      :557@C21_:332@N        1     0.04     4.26 5.96e-08
     165    :557@C16_:332@HD3        1     0.04     4.27        0
     166      :557@H41_:333@N        1     0.04     4.27        0
     167     :557@C15_:327@CG        1     0.04     4.28 5.96e-08
     168    :557@H32_:327@HD2        1     0.04      4.3        0
     169     :557@C17_:329@CD        1     0.04     4.31        0
     170     :557@H33_:327@CG        1     0.04     4.32 5.96e-08
     171     :557@N5_:332@HD3        1     0.04     4.32 5.96e-08
     172     :557@H32_:327@CD        1     0.04     4.34        0
     173     :557@N6_:327@HB3        1     0.04     4.34        0
     174      :557@H32_:330@C        1     0.04     4.35 5.96e-08
     175    :557@H41_:332@HD3        1     0.04     4.35        0
     176    :557@H37_:327@HB2        1     0.04     4.36        0
     177    :557@C15_:327@HB3        1     0.04     4.36        0
     178     :557@N7_:332@HD3        1     0.04     4.36        0
     179      :557@H36_:331@O        1     0.04     4.37        0
     180     :557@C19_:332@CG        1     0.04     4.38 5.96e-08
     181     :557@H32_:331@HA        1     0.04     4.38        0
     182     :557@C17_:332@CD        1     0.04     4.39 5.96e-08
     183       :557@N7_:331@O        1     0.04      4.4        0
     184      :557@H33_:329@C        1     0.04      4.4        0
     185      :557@H33_:329@N        1     0.04     4.41        0
     186    :557@H35_:329@HG2        1     0.04     4.41        0
     187       :557@N7_:332@N        1     0.04     4.42 5.96e-08
     188    :557@H32_:332@HD2        1     0.04     4.43 5.96e-08
     189    :557@H38_:329@HG2        1     0.04     4.43        0
     190    :557@H37_:332@HG3        1     0.04     4.43 5.96e-08
     191     :557@H29_:332@CB        1     0.04     4.44        0
     192    :557@H29_:327@HB3        1     0.04     4.44        0
     193     :557@H32_:329@CG        1     0.04     4.47        0
     194      :557@H36_:330@O        1     0.04     4.47 5.96e-08
     195     :557@H41_:332@CG        1     0.04     4.48        0
     196      :557@H29_:332@N        1     0.04     4.48        0
     197     :557@N6_:332@HD3        1     0.04     4.49        0
     198      :557@C17_:332@N        1     0.04     4.49        0
     199    :557@C16_:327@HG2        1     0.04     4.49        0
