#Residue RMSF_Angstrom
0 6.352878
1 5.697339
2 3.573107
3 3.538940
4 2.204464
5 1.751693
6 1.624380
7 1.514111
8 1.152295
9 1.142365
10 1.319550
11 1.136029
12 0.942773
13 1.102474
14 1.357550
15 1.304066
16 1.018588
17 0.791658
18 0.807915
19 0.582414
20 0.608149
21 0.627480
22 0.869277
23 1.250573
24 1.501247
25 0.948840
26 1.078993
27 1.487824
28 1.218015
29 0.976761
30 1.011904
31 1.383687
32 1.200005
33 1.004955
34 1.141325
35 1.026817
36 1.095392
37 1.004950
38 0.840152
39 0.907282
40 0.950932
41 0.815598
42 0.772898
43 0.922747
44 0.915639
45 0.785940
46 0.873895
47 1.006112
48 0.996080
49 0.968358
50 1.113163
51 1.201248
52 1.206392
53 1.226916
54 1.097970
55 1.150769
56 1.086555
57 0.835820
58 0.738296
59 0.683616
60 0.623080
61 0.515815
62 0.497503
63 0.521731
64 0.465485
65 0.439154
66 0.491043
67 0.517781
68 0.470670
69 0.499066
70 0.609266
71 0.657722
72 0.694977
73 0.694305
74 0.800768
75 0.840331
76 0.966362
77 1.056224
78 1.058118
79 0.808524
80 0.733097
81 0.789379
82 0.746122
83 0.640023
84 0.666045
85 0.744898
86 0.647915
87 0.568938
88 0.662445
89 0.715481
90 0.639211
91 0.633303
92 0.771210
93 0.793510
94 0.749888
95 0.851457
96 1.100840
97 1.598170
98 1.255828
99 0.997895
100 0.941082
101 1.100317
102 1.038793
103 1.181577
104 1.178996
105 1.047915
106 1.040225
107 1.171283
108 1.144022
109 1.059966
110 1.196369
111 1.130076
112 1.164638
113 1.222226
114 1.189724
115 1.060538
116 1.079215
117 0.912531
118 0.782797
119 0.858642
120 0.846865
121 0.676854
122 0.649895
123 0.670059
124 0.586679
125 0.518361
126 0.575180
127 0.620231
128 0.553977
129 0.527942
130 0.633694
131 0.632343
132 0.601728
133 0.557555
134 0.600742
135 0.579446
136 0.706978
137 0.701127
138 0.696001
139 0.908223
140 0.916969
141 0.805087
142 0.866576
143 1.127649
144 1.143359
145 1.012398
146 1.178371
147 1.545542
148 1.699945
149 1.606987
150 2.009519
151 1.750091
152 1.927696
153 1.907124
154 2.009979
155 1.773240
156 1.478577
157 1.535191
158 1.525275
159 1.174226
160 1.133354
161 1.345881
162 1.182617
163 0.889602
164 1.031397
165 1.100576
166 0.872367
167 0.818269
168 0.962011
169 1.008587
170 0.876158
171 0.810505
172 0.896717
173 0.900155
174 0.892827
175 0.983934
176 0.845425
177 0.808820
178 1.044817
179 0.809586
180 0.850652
181 0.690933
182 0.691906
183 0.671782
184 0.596483
185 0.585478
186 0.631961
187 0.623069
188 0.658659
189 0.702500
190 0.741595
191 0.827096
192 0.984317
193 1.182512
194 1.369912
195 1.444902
196 1.833982
197 2.838439
198 3.426259
199 3.673649
200 2.964492
201 2.192774
202 2.023638
203 1.614936
204 1.954741
205 1.635555
206 1.560735
207 1.388188
208 1.473403
209 1.417940
210 1.163654
211 1.045796
212 1.220065
213 1.183133
214 0.954314
215 1.059953
216 1.235751
217 1.151173
218 1.106944
219 1.325095
220 1.273949
221 1.386389
222 1.282980
223 1.484634
224 1.339938
225 1.042695
226 1.145984
227 1.234060
228 0.996344
229 0.948269
230 1.149526
231 1.084457
232 0.973186
233 1.158769
234 1.306989
235 1.325580
236 1.297562
237 1.428634
238 1.752601
239 1.944446
240 3.845017
241 4.970535
242 3.987526
243 4.731846
244 5.440349
245 3.509721
246 1.983305
247 1.877113
248 1.764110
249 1.795381
250 2.047312
251 2.349708
252 3.044592
253 2.085681
254 1.740813
255 1.518865
256 1.195023
257 1.212449
258 1.203956
259 1.174393
260 1.187498
261 1.193613
262 1.238149
263 1.220006
264 1.387666
265 1.415220
266 1.616034
267 1.475281
268 1.249310
269 0.993612
270 0.874409
271 0.942690
272 0.951902
273 1.059125
274 0.952473
275 0.793905
276 0.787017
277 0.873128
278 0.798750
279 0.704145
280 0.842807
281 0.811696
282 0.752065
283 0.844957
284 0.913179
285 0.847823
286 0.764511
287 0.987023
288 1.112631
289 0.870521
290 0.897140
291 0.769817
292 0.754770
293 0.773628
294 0.844124
295 0.796459
296 0.880495
297 0.869352
298 0.870417
299 1.000027
300 1.009708
301 1.186025
302 1.446726
303 2.315658
304 1.527514
305 1.187231
306 1.025633
307 0.947054
308 0.956021
309 0.876177
310 0.884507
311 0.887322
312 0.959390
313 1.198248
314 0.892338
315 1.190581
316 0.934229
317 0.811286
318 0.761284
319 0.998600
320 1.045114
321 1.003054
322 1.105692
323 1.339699
324 1.451908
325 1.450305
326 1.743287
327 1.906481
328 1.707635
329 1.373205
330 1.238514
331 1.281638
332 1.101913
333 1.125842
334 1.024375
335 0.798260
336 0.773329
337 0.847012
338 0.740027
339 0.599317
340 0.657533
341 0.702505
342 0.605568
343 0.579093
344 0.674104
345 0.667762
346 0.635884
347 0.714522
348 0.829674
349 0.812965
350 0.856847
351 0.997497
352 1.108189
353 1.227261
354 1.089999
355 1.000646
356 0.902284
357 1.070213
358 0.998055
359 0.968719
360 0.911443
361 0.852013
362 0.936370
363 0.951359
364 0.832779
365 0.904638
366 0.954439
367 1.152014
368 1.627340
369 1.672501
370 1.372916
371 1.143759
372 0.823539
373 0.782113
374 0.701400
375 0.763677
376 0.926498
377 0.920396
378 1.680614
379 1.701493
380 1.755622
381 1.335626
382 1.214601
383 0.963654
384 1.059697
385 1.076806
386 1.239869
387 1.361111
388 1.387450
389 1.482009
390 1.686379
391 1.627612
392 1.914662
393 2.357687
394 1.655880
395 1.204046
396 0.977858
397 0.935745
398 0.957623
399 0.758647
400 0.693263
401 0.783082
402 0.724113
403 0.602358
404 0.660590
405 0.756633
406 0.685470
407 0.666563
408 0.751844
409 0.916761
410 0.878250
411 1.030246
412 1.145478
413 1.548864
414 1.439133
415 1.537604
416 1.471202
417 1.442081
418 1.492755
419 1.712328
420 2.026278
421 1.869763
422 1.788124
423 1.961352
424 1.888124
425 1.558606
426 1.574971
427 1.737646
428 1.533080
429 1.322711
430 1.535392
431 1.575605
432 1.299939
433 1.277967
434 1.537823
435 1.637115
436 1.678816
437 2.044388
438 2.391215
439 2.368020
440 2.023768
441 2.023535
442 2.178989
443 2.737051
444 2.792336
445 2.370849
446 2.633116
447 2.309456
448 2.565935
449 2.225343
450 2.438593
451 2.511178
452 2.157769
453 2.219078
454 2.029280
455 2.000298
456 1.837667
457 1.577296
458 1.563216
459 1.404219
460 1.072618
461 1.310812
462 1.547586
463 1.300148
464 1.084720
465 1.262329
466 1.294266
467 1.165098
468 1.432886
469 1.447601
470 1.228937
471 0.945364
472 0.975683
473 1.075852
474 0.831437
475 0.740334
476 0.929990
477 0.863363
478 0.768885
479 0.876189
480 1.017076
481 1.174807
482 1.248928
483 1.164230
484 1.296586
485 1.173367
486 0.965261
487 0.846517
488 0.820902
489 0.700324
490 0.819522
491 0.854049
492 0.703732
493 0.728509
494 0.907235
495 0.892124
496 1.098225
497 0.958091
498 1.077344
499 1.736984
500 3.313774
501 5.758045
502 2.969954
503 2.088902
504 1.991249
505 1.434695
506 1.303199
507 1.216633
508 1.136076
509 0.978858
510 1.084852
511 1.543579
512 1.783339
513 1.420029
514 1.218959
515 1.428637
516 1.636990
517 1.297234
518 0.989095
519 1.274977
520 1.396415
521 1.125256
522 1.001729
523 1.252517
524 1.264673
525 0.975799
526 0.969724
527 1.251949
528 1.177281
529 0.967163
530 1.128597
531 1.386586
532 1.297758
533 1.151063
534 1.281679
535 1.865707
536 1.689278
537 1.471779
538 1.597866
539 1.237301
540 1.174554
541 1.297873
542 1.477981
543 1.950380
544 1.827646
545 2.402294
546 2.150236
547 2.956225
548 3.153047
549 2.616915
550 2.648702
551 2.271962
552 2.436460
553 2.293135
554 2.377377
555 2.471681
