#Res        AtomicFlx
   1.000      10.4650
   2.000       8.7568
   3.000       8.1543
   4.000       7.8911
   5.000       7.2338
   6.000       6.5280
   7.000       6.5943
   8.000       6.4875
   9.000       5.6069
  10.000       5.2332
  11.000       5.6659
  12.000       5.1199
  13.000       4.2978
  14.000       4.5679
  15.000       4.8230
  16.000       3.9642
  17.000       3.6422
  18.000       4.0960
  19.000       3.7653
  20.000       2.8613
  21.000       3.2626
  22.000       3.3022
  23.000       4.2331
  24.000       4.6336
  25.000       5.1047
  26.000       4.7412
  27.000       5.1352
  28.000       6.0590
  29.000       6.0069
  30.000       5.3711
  31.000       5.3459
  32.000       6.1983
  33.000       6.0485
  34.000       5.1413
  35.000       5.1497
  36.000       4.4414
  37.000       4.6275
  38.000       4.4745
  39.000       3.5643
  40.000       3.3637
  41.000       3.8848
  42.000       3.3937
  43.000       2.5119
  44.000       2.8607
  45.000       3.3159
  46.000       2.5129
  47.000       2.1794
  48.000       3.1016
  49.000       3.2489
  50.000       2.6062
  51.000       3.1254
  52.000       4.0166
  53.000       3.8796
  54.000       3.6194
  55.000       2.9059
  56.000       2.6491
  57.000       1.9278
  58.000       1.5603
  59.000       1.3107
  60.000       0.9814
  61.000       0.6340
  62.000       0.6311
  63.000       0.8346
  64.000       1.3210
  65.000       1.4814
  66.000       1.3826
  67.000       2.1111
  68.000       2.6070
  69.000       2.6425
  70.000       2.7481
  71.000       3.5175
  72.000       3.8380
  73.000       3.8866
  74.000       4.1082
  75.000       4.8095
  76.000       4.5681
  77.000       5.2648
  78.000       5.3114
  79.000       5.4756
  80.000       4.5451
  81.000       4.0315
  82.000       3.8758
  83.000       3.6647
  84.000       2.9304
  85.000       2.6146
  86.000       2.8370
  87.000       2.2552
  88.000       1.5051
  89.000       1.7676
  90.000       2.1428
  91.000       1.3378
  92.000       1.1397
  93.000       2.0746
  94.000       2.2987
  95.000       1.9448
  96.000       2.4843
  97.000       3.1247
  98.000       4.1227
  99.000       4.1789
 100.000       3.3311
 101.000       3.3958
 102.000       3.9623
 103.000       4.0971
 104.000       5.0098
 105.000       4.7093
 106.000       4.1093
 107.000       4.9616
 108.000       5.4530
 109.000       4.7556
 110.000       4.9229
 111.000       5.9089
 112.000       6.0434
 113.000       5.5966
 114.000       4.9637
 115.000       5.1119
 116.000       4.5921
 117.000       4.3546
 118.000       4.0507
 119.000       3.4214
 120.000       2.9462
 121.000       2.8221
 122.000       2.6305
 123.000       1.8588
 124.000       1.5249
 125.000       2.0036
 126.000       1.6813
 127.000       1.0220
 128.000       1.5437
 129.000       2.2734
 130.000       1.9770
 131.000       2.0897
 132.000       1.5020
 133.000       1.9754
 134.000       1.3393
 135.000       2.0079
 136.000       2.0752
 137.000       2.6070
 138.000       1.9819
 139.000       2.1381
 140.000       2.2779
 141.000       3.0101
 142.000       3.3430
 143.000       3.1255
 144.000       3.7479
 145.000       4.3574
 146.000       4.3202
 147.000       4.3455
 148.000       5.1596
 149.000       5.5083
 150.000       5.0986
 151.000       5.7346
 152.000       5.2861
 153.000       5.5457
 154.000       5.3682
 155.000       5.0324
 156.000       4.3617
 157.000       4.1868
 158.000       4.0106
 159.000       3.4273
 160.000       3.0278
 161.000       2.9444
 162.000       2.5772
 163.000       1.9621
 164.000       1.8960
 165.000       1.6176
 166.000       1.3063
 167.000       1.1097
 168.000       1.1150
 169.000       0.9911
 170.000       1.3845
 171.000       1.7067
 172.000       1.5155
 173.000       2.0201
 174.000       2.6478
 175.000       3.3322
 176.000       3.3402
 177.000       2.6540
 178.000       3.2028
 179.000       3.9253
 180.000       3.5224
 181.000       3.4706
 182.000       2.7235
 183.000       3.3927
 184.000       3.4878
 185.000       2.5552
 186.000       2.5814
 187.000       3.2984
 188.000       2.8668
 189.000       2.1116
 190.000       2.7851
 191.000       3.0577
 192.000       2.2319
 193.000       2.2968
 194.000       3.0324
 195.000       2.5156
 196.000       2.2896
 197.000       1.9004
 198.000       2.2972
 199.000       2.8079
 200.000       3.2078
 201.000       3.3785
 202.000       3.4095
 203.000       4.0811
 204.000       4.2265
 205.000       4.8864
 206.000       4.9917
 207.000       5.1595
 208.000       4.4914
 209.000       5.2745
 210.000       5.7671
 211.000       4.9820
 212.000       4.8592
 213.000       5.8781
 214.000       5.8282
 215.000       4.9914
 216.000       5.4962
 217.000       6.3542
 218.000       5.8633
 219.000       5.3706
 220.000       6.1282
 221.000       5.9384
 222.000       6.0900
 223.000       5.4748
 224.000       5.3830
 225.000       5.0699
 226.000       4.3317
 227.000       4.1275
 228.000       4.2114
 229.000       3.5096
 230.000       2.9550
 231.000       3.1748
 232.000       3.0792
 233.000       2.2098
 234.000       2.1030
 235.000       2.6025
 236.000       2.2421
 237.000       1.7700
 238.000       2.3438
 239.000       3.0023
 240.000       2.7839
 241.000       3.3846
 242.000       3.9241
 243.000       5.1665
 244.000       6.3986
 245.000       4.0984
 246.000       3.1285
 247.000       3.4034
 248.000       3.4315
 249.000       4.1862
 250.000       4.6036
 251.000       5.4763
 252.000       5.8232
 253.000       7.1552
 254.000       6.7483
 255.000       6.2331
 256.000       5.5168
 257.000       4.6751
 258.000       4.0911
 259.000       3.2080
 260.000       2.9554
 261.000       2.2175
 262.000       2.1037
 263.000       1.9555
 264.000       2.2767
 265.000       3.0328
 266.000       3.2714
 267.000       4.2884
 268.000       4.7786
 269.000       3.7051
 270.000       2.8103
 271.000       2.1541
 272.000       2.6967
 273.000       2.7056
 274.000       3.1712
 275.000       2.5027
 276.000       1.7859
 277.000       2.3806
 278.000       2.8835
 279.000       2.3060
 280.000       2.1747
 281.000       3.0900
 282.000       3.3595
 283.000       3.0218
 284.000       3.4154
 285.000       4.2794
 286.000       4.3877
 287.000       4.3426
 288.000       4.9605
 289.000       5.5958
 290.000       6.2294
 291.000       6.8837
 292.000       6.8995
 293.000       5.9545
 294.000       5.3537
 295.000       4.7341
 296.000       3.7689
 297.000       3.9042
 298.000       3.0338
 299.000       2.0573
 300.000       1.6751
 301.000       1.1400
 302.000       1.6363
 303.000       2.1690
 304.000       3.6054
 305.000       2.5023
 306.000       1.6742
 307.000       1.1607
 308.000       1.1704
 309.000       1.7953
 310.000       2.5100
 311.000       3.2362
 312.000       4.0031
 313.000       4.9204
 314.000       5.3891
 315.000       6.2485
 316.000       6.5267
 317.000       7.2113
 318.000       7.2469
 319.000       7.9597
 320.000       7.9373
 321.000       8.0337
 322.000       8.7347
 323.000       9.1389
 324.000       8.9959
 325.000       9.4703
 326.000      10.1792
 327.000      11.1251
 328.000      11.4836
 329.000      11.9079
 330.000      11.0887
 331.000      10.8121
 332.000      11.5393
 333.000      11.5839
 334.000      11.4468
 335.000      10.6184
 336.000      10.2949
 337.000      10.4513
 338.000       9.9396
 339.000       9.1784
 340.000       9.2286
 341.000       9.1778
 342.000       8.3852
 343.000       7.9954
 344.000       8.1614
 345.000       7.8019
 346.000       6.9718
 347.000       6.9556
 348.000       7.1642
 349.000       6.3490
 350.000       5.8567
 351.000       6.3547
 352.000       6.1142
 353.000       5.2116
 354.000       5.4955
 355.000       5.2781
 356.000       5.9841
 357.000       5.9320
 358.000       6.3182
 359.000       6.4436
 360.000       6.9025
 361.000       7.2797
 362.000       7.5781
 363.000       6.7687
 364.000       6.3188
 365.000       6.9294
 366.000       6.8439
 367.000       7.6782
 368.000       7.8126
 369.000       8.5494
 370.000       8.9758
 371.000       8.8797
 372.000       8.1790
 373.000       7.7138
 374.000       6.7551
 375.000       6.3482
 376.000       5.5211
 377.000       4.9673
 378.000       4.8440
 379.000       4.2786
 380.000       3.6718
 381.000       8.3206
 382.000       7.8893
 383.000       6.9364
 384.000       6.9382
 385.000       7.6206
 386.000       7.5473
 387.000       7.7958
 388.000       8.5709
 389.000       8.9524
 390.000       8.8004
 391.000       9.2613
 392.000       9.9296
 393.000       9.7601
 394.000       9.9078
 395.000       9.3001
 396.000       8.9472
 397.000       8.2481
 398.000       7.5144
 399.000       7.8326
 400.000       7.5399
 401.000       6.6712
 402.000       6.5067
 403.000       6.7305
 404.000       6.2074
 405.000       5.4644
 406.000       5.6693
 407.000       5.7891
 408.000       5.0218
 409.000       4.5248
 410.000       5.0433
 411.000       4.9362
 412.000       4.0670
 413.000       4.1072
 414.000       4.8491
 415.000       5.0380
 416.000       5.4547
 417.000       5.1546
 418.000       6.0011
 419.000       6.4434
 420.000       7.1629
 421.000       8.0049
 422.000       8.6755
 423.000       8.7311
 424.000       8.6993
 425.000       7.9430
 426.000       7.4675
 427.000       7.6121
 428.000       7.3126
 429.000       6.4662
 430.000       6.4051
 431.000       6.5794
 432.000       5.9929
 433.000       5.2442
 434.000       5.5900
 435.000       6.1913
 436.000       7.1319
 437.000       7.3558
 438.000       7.9332
 439.000       8.8786
 440.000       8.7476
 441.000       8.2268
 442.000       8.7420
 443.000       9.3474
 444.000      10.3059
 445.000      11.1099
 446.000      10.6215
 447.000      10.9570
 448.000      10.1171
 449.000      10.0775
 450.000       9.2729
 451.000       9.7849
 452.000       9.6172
 453.000       8.6095
 454.000       8.3383
 455.000       7.7890
 456.000       6.8471
 457.000       6.1049
 458.000       5.2828
 459.000       4.5767
 460.000       3.6988
 461.000       3.4660
 462.000       2.8471
 463.000       3.3184
 464.000       3.6064
 465.000       3.1946
 466.000       2.5217
 467.000       2.6821
 468.000       2.9173
 469.000       2.7377
 470.000       2.6089
 471.000       2.9993
 472.000       3.3689
 473.000       3.2563
 474.000       3.5221
 475.000       4.0910
 476.000       4.3319
 477.000       4.5546
 478.000       4.9272
 479.000       5.4642
 480.000       5.5670
 481.000       5.9283
 482.000       6.7818
 483.000       7.2171
 484.000       7.4359
 485.000       7.3786
 486.000       6.4895
 487.000       6.2437
 488.000       5.8351
 489.000       6.4545
 490.000       6.5468
 491.000       6.4117
 492.000       5.6139
 493.000       5.3152
 494.000       5.6071
 495.000       5.1560
 496.000       4.3875
 497.000       3.7699
 498.000       3.7896
 499.000       4.6168
 500.000       4.8284
 501.000       5.5813
 502.000       6.8445
 503.000       7.2000
 504.000       5.9348
 505.000       5.2414
 506.000       4.5416
 507.000       5.2632
 508.000       5.4020
 509.000       5.5803
 510.000       5.1910
 511.000       5.7984
 512.000       6.6863
 513.000       6.8529
 514.000       6.2313
 515.000       6.4280
 516.000       5.7613
 517.000       6.2705
 518.000       5.9338
 519.000       4.9456
 520.000       4.5840
 521.000       4.8914
 522.000       4.6233
 523.000       3.6650
 524.000       3.7323
 525.000       4.1640
 526.000       3.5138
 527.000       2.7645
 528.000       3.3004
 529.000       3.6281
 530.000       2.8466
 531.000       2.7036
 532.000       3.6362
 533.000       3.7816
 534.000       3.2972
 535.000       3.5831
 536.000       4.4467
 537.000       4.4480
 538.000       4.1196
 539.000       4.2247
 540.000       3.4339
 541.000       3.0176
 542.000       2.1726
 543.000       2.2889
 544.000       2.6269
 545.000       2.3300
 546.000       3.0263
 547.000       3.4838
 548.000       4.0247
 549.000       4.8949
 550.000       5.4068
 551.000       5.9457
 552.000       5.1716
 553.000       5.0935
 554.000       4.4714
 555.000       5.1698
 556.000       5.4638
