# Contacts: LigContacts
# Native contacts determined from mask ':LIG' and mask ':1-556'
#                     Contact  Nframes    Frac.      Avg    Stdev
       1     :557@H24_:15@HB2       16     0.64     3.32    0.616
       2     :557@C11_:15@HB2       16     0.64     3.55    0.414
       3     :557@H20_:15@HB2       13     0.52     3.15    0.906
       4     :557@H20_:11@HB3       13     0.52     3.59    0.526
       5      :557@C9_:15@HB2       13     0.52     3.67    0.544
       6      :557@H9_:15@HE2       12     0.48     3.99    0.349
       7      :557@H9_:15@HG2       11     0.44     3.37    0.638
       8      :557@N1_:15@HG2       11     0.44     3.46    0.441
       9     :557@H11_:15@HG2       10      0.4      3.2     0.51
      10      :557@H9_:15@HB2       10      0.4     3.31    0.752
      11      :557@C9_:11@HB3       10      0.4     3.49     0.45
      12      :557@C5_:15@HG2       10      0.4      3.6    0.407
      13       :557@H24_:11@O       10      0.4     3.89    0.327
      14     :557@H21_:11@HB3        9     0.36     2.67    0.581
      15      :557@H9_:15@HD3        9     0.36     2.97    0.549
      16     :557@H25_:14@HB2        9     0.36     3.04    0.532
      17       :557@H20_:11@O        9     0.36     3.05     0.39
      18        :557@C9_:11@O        9     0.36     3.62    0.283
      19       :557@H9_:15@CD        9     0.36     3.63    0.536
      20      :557@C5_:15@HD3        9     0.36     3.65    0.404
      21       :557@H9_:15@CG        9     0.36     3.71    0.497
      22       :557@H20_:11@C        9     0.36     3.74     0.39
      23     :557@C11_:14@HB2        9     0.36     3.92    0.309
      24     :557@H10_:15@HG2        8     0.32      3.3     0.84
      25     :557@H25_:14@HB3        8     0.32     3.43    0.407
      26     :557@H11_:15@HB3        8     0.32     3.63    0.251
      27      :557@C5_:15@HB2        8     0.32     3.64    0.485
      28      :557@N1_:15@HB2        8     0.32     3.72    0.405
      29      :557@N2_:15@HB2        8     0.32     3.73    0.519
      30      :557@H21_:11@HE        8     0.32     3.74    0.478
      31      :557@H11_:15@CG        8     0.32     3.79    0.422
      32      :557@N1_:15@HB3        8     0.32     4.25    0.215
      33      :557@H6_:11@HB3        7     0.28     2.74     0.62
      34     :557@H11_:15@HB2        7     0.28     2.88    0.448
      35      :557@O_:345@HD3        7     0.28     3.31    0.642
      36     :557@H10_:15@HD3        7     0.28     3.54    0.739
      37      :557@H11_:15@CB        7     0.28     3.55    0.283
      38       :557@H6_:11@CB        7     0.28     3.62    0.436
      39      :557@H11_:12@HA        7     0.28     3.65    0.541
      40       :557@H24_:15@N        7     0.28     3.67    0.555
      41       :557@N_:11@HB3        7     0.28     3.77     0.52
      42       :557@H24_:15@H        7     0.28     3.79    0.519
      43       :557@H9_:15@CE        7     0.28     3.79    0.337
      44      :557@H6_:11@HB2        7     0.28     3.83    0.331
      45     :557@H24_:14@HB2        7     0.28     3.84    0.336
      46      :557@H20_:11@HA        7     0.28     3.98    0.343
      47      :557@H20_:11@CB        7     0.28     3.98    0.313
      48     :557@C11_:14@HB3        7     0.28     4.04    0.342
      49      :557@H20_:11@CA        7     0.28     4.13    0.256
      50      :557@H2_:11@HB3        6     0.24     3.06    0.621
      51      :557@O1_:8@HH21        6     0.24     3.07    0.771
      52    :557@H15_:345@HD3        6     0.24      3.1    0.204
      53      :557@H4_:11@HB3        6     0.24      3.2    0.615
      54      :557@H2_:11@HB2        6     0.24     3.26    0.305
      55      :557@H13_:12@HA        6     0.24     3.27    0.693
      56      :557@C3_:11@HB3        6     0.24     3.27    0.254
      57     :557@H14_:288@HZ        6     0.24     3.33    0.659
      58       :557@H9_:15@CB        6     0.24     3.38    0.475
      59      :557@C2_:11@HB3        6     0.24     3.49    0.261
      60     :557@H21_:11@HG2        6     0.24     3.57    0.559
      61      :557@H4_:11@HG2        6     0.24     3.58    0.523
      62     :557@H10_:15@HB2        6     0.24     3.58    0.674
      63     :557@H10_:15@HE2        6     0.24     3.61    0.405
      64       :557@H2_:11@CB        6     0.24     3.64    0.428
      65     :557@H24_:14@HB3        6     0.24      3.7    0.399
      66      :557@H10_:15@CG        6     0.24      3.7    0.562
      67        :557@H3_:8@HE        6     0.24     3.72    0.359
      68      :557@C1_:11@HB3        6     0.24     3.74     0.34
      69      :557@N2_:15@HD3        6     0.24      3.8    0.357
      70      :557@H10_:15@CD        6     0.24     3.88    0.495
      71       :557@H11_:11@O        6     0.24     3.89    0.244
      72     :557@H15_:345@CD        6     0.24     3.99    0.216
      73      :557@C5_:15@HE2        6     0.24     4.02     0.24
      74       :557@C5_:15@CG        6     0.24     4.06    0.239
      75      :557@C1_:11@HB2        6     0.24     4.07     0.22
      76       :557@C5_:15@CD        6     0.24     4.07    0.197
      77      :557@N2_:11@HB3        6     0.24     4.14    0.267
      78     :557@H13_:288@HZ        5      0.2     2.84    0.463
      79     :557@H16_:8@HH21        5      0.2     3.07    0.556
      80    :557@H14_:288@HE2        5      0.2     3.14    0.753
      81       :557@H3_:8@HG2        5      0.2     3.29    0.628
      82      :557@H9_:15@HB3        5      0.2     3.29    0.461
      83      :557@C7_:288@HZ        5      0.2     3.39    0.517
      84       :557@H9_:12@HA        5      0.2     3.39    0.496
      85       :557@O1_:8@NH2        5      0.2      3.4    0.377
      86      :557@H7_:11@HB3        5      0.2     3.44    0.563
      87      :557@H4_:11@HB2        5      0.2     3.47    0.666
      88    :557@H11_:288@HE2        5      0.2     3.55    0.218
      89       :557@H4_:11@CB        5      0.2     3.62     0.45
      90       :557@S_:8@HH21        5      0.2     3.62    0.585
      91    :557@H13_:288@HE2        5      0.2      3.7    0.357
      92        :557@H2_:8@HA        5      0.2      3.7    0.409
      93        :557@H6_:11@C        5      0.2     3.73     0.49
      94     :557@N1_:288@HE2        5      0.2     3.74    0.377
      95       :557@H24_:14@C        5      0.2     3.76    0.446
      96    :557@H25_:14@HD12        5      0.2      3.8     0.28
      97        :557@O1_:8@NE        5      0.2     3.81    0.479
      98     :557@C7_:288@HE2        5      0.2     3.82    0.362
      99       :557@O_:345@CD        5      0.2     3.82    0.343
     100    :557@H13_:288@CE2        5      0.2     3.84    0.287
     101        :557@O1_:8@CZ        5      0.2     3.86    0.332
     102      :557@O1_:8@HH22        5      0.2     3.87    0.615
     103      :557@C4_:15@HB2        5      0.2      3.9    0.372
     104       :557@H4_:11@CG        5      0.2     3.93    0.234
     105       :557@C5_:15@CB        5      0.2     3.97    0.213
     106      :557@H3_:8@HH21        5      0.2     3.98    0.313
     107      :557@C4_:15@HD3        5      0.2     4.07    0.255
     108      :557@H24_:14@CB        5      0.2     4.08    0.243
     109       :557@H6_:11@CA        5      0.2     4.15    0.232
     110       :557@C3_:11@CB        5      0.2     4.16    0.142
     111     :557@H20_:14@HB2        5      0.2     4.26    0.245
     112    :557@H13_:288@CE1        5      0.2     4.27    0.129
     113     :557@H20_:11@HB2        5      0.2     4.28    0.161
     114        :557@C1_:8@HE        5      0.2     4.34    0.107
     115    :557@H13_:288@HE1        5      0.2      4.4   0.0619
     116        :557@O1_:8@HE        4     0.16     2.94    0.595
     117       :557@O_:8@HH21        4     0.16     3.12      1.1
     118       :557@H3_:8@HG3        4     0.16     3.26    0.665
     119    :557@H14_:288@CE2        4     0.16     3.33    0.571
     120     :557@H14_:288@CZ        4     0.16     3.35     0.43
     121     :557@H13_:288@CZ        4     0.16     3.35    0.154
     122        :557@H2_:12@H        4     0.16     3.44    0.536
     123         :557@H2_:8@O        4     0.16     3.49    0.352
     124        :557@H6_:11@O        4     0.16     3.49    0.336
     125       :557@H16_:8@HE        4     0.16     3.53    0.545
     126      :557@H9_:15@HD2        4     0.16     3.54    0.692
     127        :557@H2_:12@N        4     0.16     3.56    0.638
     128        :557@H3_:8@CG        4     0.16     3.57   0.0986
     129        :557@H3_:8@NE        4     0.16     3.71    0.151
     130        :557@H3_:8@HA        4     0.16     3.74    0.245
     131      :557@H1_:8@HH21        4     0.16     3.75    0.235
     132       :557@H2_:8@HG2        4     0.16     3.77   0.0789
     133       :557@N1_:12@HA        4     0.16     3.78     0.24
     134       :557@C1_:8@HG2        4     0.16     3.78   0.0939
     135       :557@O_:345@HE        4     0.16     3.79    0.234
     136    :557@H14_:290@HE2        4     0.16     3.79    0.293
     137      :557@C7_:288@CZ        4     0.16      3.8    0.125
     138       :557@C_:288@HZ        4     0.16     3.82    0.341
     139       :557@O_:345@NE        4     0.16     3.85    0.395
     140      :557@C2_:11@HB2        4     0.16      3.9    0.352
     141    :557@H11_:288@CE2        4     0.16     3.93    0.406
     142     :557@H15_:345@NE        4     0.16     3.95    0.259
     143      :557@C5_:15@HB3        4     0.16     3.96    0.296
     144     :557@H15_:345@HE        4     0.16     3.98    0.321
     145      :557@H13_:12@CB        4     0.16     4.02    0.163
     146       :557@H7_:11@CB        4     0.16     4.07    0.269
     147        :557@C1_:8@HA        4     0.16     4.07    0.202
     148      :557@H11_:12@CA        4     0.16     4.11     0.11
     149       :557@C2_:11@CB        4     0.16     4.12    0.227
     150      :557@H9_:15@HG3        4     0.16     4.15     0.14
     151        :557@H3_:8@CD        4     0.16     4.17    0.115
     152     :557@H9_:288@CE2        4     0.16      4.2     0.22
     153      :557@H3_:11@HB2        4     0.16     4.22     0.22
     154      :557@C4_:11@HB3        4     0.16     4.26    0.216
     155       :557@C_:8@HH21        4     0.16     4.26    0.213
     156        :557@H2_:8@CG        4     0.16     4.32    0.105
     157      :557@H24_:11@HA        4     0.16     4.34   0.0812
     158     :557@H9_:288@HE1        3     0.12     3.37    0.636
     159       :557@H6_:12@HA        3     0.12     3.39    0.687
     160        :557@H6_:12@N        3     0.12     3.51    0.341
     161       :557@H2_:12@HA        3     0.12     3.55    0.473
     162     :557@H27_:15@HD3        3     0.12     3.56    0.526
     163       :557@H2_:12@CB        3     0.12      3.6    0.212
     164    :557@H11_:288@HE1        3     0.12     3.61    0.354
     165     :557@H9_:288@CE1        3     0.12     3.66    0.296
     166     :557@H11_:288@CZ        3     0.12     3.68    0.924
     167     :557@N1_:288@HE1        3     0.12      3.7    0.332
     168     :557@H27_:15@HB2        3     0.12      3.7    0.379
     169       :557@H2_:12@CA        3     0.12      3.7    0.467
     170        :557@H1_:8@HE        3     0.12     3.71    0.594
     171      :557@H2_:12@HB1        3     0.12     3.73    0.745
     172    :557@H13_:349@HD1        3     0.12     3.74    0.825
     173      :557@H2_:12@HB3        3     0.12     3.78    0.632
     174     :557@H20_:11@HG2        3     0.12     3.79    0.466
     175        :557@H4_:8@HA        3     0.12     3.79    0.398
     176        :557@H9_:11@O        3     0.12     3.85    0.399
     177      :557@C9_:11@HG2        3     0.12     3.89    0.112
     178     :557@H20_:11@HG3        3     0.12     3.94    0.385
     179       :557@H6_:12@CA        3     0.12     3.96    0.591
     180     :557@H13_:12@HB2        3     0.12     3.96    0.187
     181     :557@N1_:288@CE1        3     0.12     3.99   0.0988
     182        :557@H3_:8@CZ        3     0.12        4    0.163
     183       :557@H1_:8@NH2        3     0.12     4.01   0.0523
     184        :557@H6_:12@H        3     0.12     4.02    0.252
     185     :557@N1_:288@CE2        3     0.12     4.05    0.295
     186      :557@H20_:11@CG        3     0.12     4.07    0.151
     187         :557@H3_:8@O        3     0.12     4.07    0.291
     188      :557@H5_:11@HB3        3     0.12     4.07    0.299
     189     :557@H25_:11@HG2        3     0.12      4.1    0.149
     190       :557@N2_:15@CB        3     0.12     4.11    0.179
     191       :557@O1_:8@HG2        3     0.12     4.12    0.295
     192       :557@H3_:8@NH2        3     0.12     4.13    0.223
     193         :557@C1_:8@O        3     0.12     4.14    0.149
     194      :557@C3_:11@HB2        3     0.12     4.14    0.185
     195      :557@H20_:11@HE        3     0.12     4.17    0.176
     196        :557@C3_:11@C        3     0.12     4.23     0.26
     197      :557@H1_:8@HH22        3     0.12     4.26    0.217
     198        :557@H2_:8@CA        3     0.12     4.29    0.205
     199       :557@C6_:12@HA        3     0.12     4.29    0.118
     200     :557@H11_:288@HZ        2     0.08     2.94    0.985
     201     :557@H23_:15@HZ3        2     0.08      3.1    0.602
     202     :557@H27_:15@HZ3        2     0.08     3.39    0.865
     203     :557@H23_:15@HD3        2     0.08     3.46    0.858
     204     :557@H23_:15@HE2        2     0.08     3.48    0.564
     205      :557@H27_:15@HA        2     0.08     3.52    0.106
     206      :557@N1_:288@HZ        2     0.08     3.56    0.888
     207     :557@H26_:15@HZ3        2     0.08     3.61    0.233
     208    :557@H11_:288@CE1        2     0.08     3.62     0.59
     209     :557@H13_:12@HB3        2     0.08     3.65    0.518
     210     :557@C10_:15@HD3        2     0.08      3.7    0.497
     211      :557@H1_:12@HB3        2     0.08     3.73    0.415
     212     :557@C12_:15@HZ3        2     0.08     3.77    0.589
     213      :557@H23_:15@CE        2     0.08     3.77    0.506
     214      :557@C6_:288@HZ        2     0.08      3.8    0.547
     215      :557@H23_:15@NZ        2     0.08     3.85    0.565
     216      :557@H27_:15@CD        2     0.08     3.85    0.244
     217     :557@C12_:15@HD3        2     0.08     3.87    0.554
     218    :557@H11_:288@CD2        2     0.08     3.95    0.429
     219     :557@C10_:15@HB2        2     0.08     3.96    0.212
     220       :557@H4_:8@HG2        2     0.08     4.02   0.0421
     221        :557@C3_:11@O        2     0.08     4.04    0.286
     222        :557@N_:11@CB        2     0.08     4.08    0.327
     223      :557@O_:345@HG3        2     0.08     4.09    0.393
     224    :557@H11_:288@CD1        2     0.08     4.09    0.124
     225         :557@H2_:8@C        2     0.08      4.1    0.049
     226    :557@H24_:14@HD12        2     0.08     4.14    0.238
     227      :557@H6_:12@HB2        2     0.08     4.16    0.068
     228        :557@H3_:8@CB        2     0.08     4.16    0.232
     229     :557@C12_:15@HB2        2     0.08     4.17    0.215
     230     :557@H11_:12@HB3        2     0.08     4.18   0.0968
     231        :557@H1_:8@CZ        2     0.08     4.18    0.148
     232      :557@H7_:11@HB2        2     0.08     4.19     0.12
     233      :557@H27_:15@CB        2     0.08     4.25    0.177
     234      :557@H27_:15@CA        2     0.08     4.28   0.0308
     235        :557@H3_:8@CA        2     0.08     4.28    0.088
     236       :557@C_:12@HB3        2     0.08      4.3   0.0478
     237       :557@H9_:15@CA        2     0.08      4.3   0.0701
     238    :557@C11_:14@HD12        2     0.08      4.3    0.162
     239     :557@H6_:288@HE1        2     0.08     4.32    0.122
     240     :557@C6_:288@HE2        2     0.08     4.32    0.154
     241       :557@O_:345@CG        2     0.08     4.33   0.0208
     242       :557@C2_:8@HG2        2     0.08     4.37   0.0258
     243      :557@H8_:11@HB3        2     0.08     4.41   0.0452
     244        :557@H7_:11@O        1     0.04     2.14 2.98e-08
     245       :557@H4_:11@HE        1     0.04      2.6        0
     246    :557@H25_:220@HE2        1     0.04     2.61        0
     247        :557@H7_:11@C        1     0.04      2.8 2.98e-08
     248       :557@H7_:12@HA        1     0.04     2.85        0
     249      :557@H6_:12@HB3        1     0.04     2.86        0
     250     :557@H5_:11@HH21        1     0.04     2.88        0
     251       :557@H4_:11@NE        1     0.04     2.95        0
     252         :557@N_:11@O        1     0.04     3.03        0
     253    :557@H25_:220@HE3        1     0.04     3.06        0
     254      :557@N1_:288@CZ        1     0.04     3.11        0
     255      :557@H7_:15@HB2        1     0.04     3.16        0
     256      :557@H5_:11@NH2        1     0.04     3.23        0
     257       :557@H5_:11@HE        1     0.04     3.23        0
     258     :557@H4_:11@HH21        1     0.04     3.25        0
     259      :557@H4_:11@NH2        1     0.04     3.28 4.21e-08
     260      :557@H6_:288@HZ        1     0.04     3.33        0
     261     :557@H25_:220@CE        1     0.04     3.34        0
     262       :557@H2_:8@HB3        1     0.04     3.35        0
     263        :557@H7_:12@N        1     0.04     3.38        0
     264       :557@C2_:11@HE        1     0.04     3.43        0
     265       :557@H4_:11@CZ        1     0.04     3.44        0
     266       :557@C3_:12@HA        1     0.04     3.45        0
     267       :557@H6_:12@CB        1     0.04     3.49        0
     268         :557@N_:11@C        1     0.04     3.49        0
     269     :557@H27_:15@HD2        1     0.04     3.51 4.21e-08
     270       :557@H3_:8@HB3        1     0.04     3.51        0
     271     :557@H26_:15@HD3        1     0.04     3.53        0
     272     :557@C2_:11@HH21        1     0.04     3.59        0
     273    :557@H25_:220@HD3        1     0.04      3.6        0
     274      :557@H3_:11@NH2        1     0.04     3.62        0
     275        :557@N_:12@HA        1     0.04     3.62        0
     276       :557@H7_:12@CA        1     0.04     3.62        0
     277      :557@H7_:15@HB3        1     0.04     3.63        0
     278    :557@C11_:220@HE2        1     0.04     3.63        0
     279      :557@H23_:15@CD        1     0.04     3.69 4.21e-08
     280     :557@H23_:15@HB2        1     0.04     3.71        0
     281    :557@H19_:11@HH21        1     0.04     3.72        0
     282      :557@C2_:11@NH2        1     0.04     3.74        0
     283     :557@H3_:11@HH22        1     0.04     3.75        0
     284       :557@H7_:11@CA        1     0.04     3.78 4.21e-08
     285       :557@H5_:11@NE        1     0.04     3.78        0
     286        :557@H7_:15@H        1     0.04      3.8        0
     287       :557@H4_:11@CD        1     0.04     3.81        0
     288     :557@H5_:11@HH22        1     0.04     3.82 4.21e-08
     289    :557@H24_:220@HE2        1     0.04     3.85        0
     290      :557@C3_:12@HB3        1     0.04     3.86        0
     291      :557@C1_:12@HB3        1     0.04     3.86        0
     292       :557@H7_:15@CB        1     0.04     3.88 4.21e-08
     293       :557@C2_:11@NE        1     0.04     3.88        0
     294         :557@H4_:8@O        1     0.04      3.9 4.21e-08
     295        :557@C3_:12@N        1     0.04      3.9        0
     296      :557@H9_:288@CZ        1     0.04      3.9 4.21e-08
     297       :557@N_:15@HB2        1     0.04     3.91        0
     298    :557@H20_:220@HE2        1     0.04     3.92        0
     299      :557@C5_:288@HZ        1     0.04     3.93        0
     300      :557@C3_:288@HZ        1     0.04     3.93 4.21e-08
     301     :557@H3_:11@HH21        1     0.04     3.94 4.21e-08
     302       :557@H5_:11@CZ        1     0.04     3.94        0
     303       :557@C1_:8@HB3        1     0.04     3.94        0
     304        :557@H4_:11@C        1     0.04     3.94        0
     305        :557@N2_:11@O        1     0.04     3.94 4.21e-08
     306      :557@H9_:288@HZ        1     0.04     3.96        0
     307      :557@H4_:11@HD3        1     0.04     3.98        0
     308       :557@H4_:11@CA        1     0.04     3.99        0
     309        :557@H2_:8@CB        1     0.04     4.01        0
     310         :557@N_:12@N        1     0.04     4.01        0
     311        :557@C4_:11@O        1     0.04     4.01        0
     312        :557@C2_:8@HA        1     0.04     4.02 5.96e-08
     313       :557@N_:11@HB2        1     0.04     4.03        0
     314        :557@H4_:12@N        1     0.04     4.03        0
     315     :557@H4_:11@HH22        1     0.04     4.03        0
     316       :557@H7_:11@HA        1     0.04     4.03        0
     317      :557@C7_:12@HB3        1     0.04     4.04        0
     318      :557@C6_:288@CZ        1     0.04     4.04        0
     319      :557@H5_:11@HB2        1     0.04     4.07        0
     320    :557@H15_:345@HG3        1     0.04     4.11        0
     321      :557@C5_:288@CZ        1     0.04     4.12        0
     322     :557@H25_:220@CD        1     0.04     4.12        0
     323    :557@C11_:220@HE3        1     0.04     4.13        0
     324     :557@H12_:288@HZ        1     0.04     4.16        0
     325      :557@H6_:288@CZ        1     0.04     4.16 5.96e-08
     326        :557@N_:11@HE        1     0.04     4.17        0
     327     :557@H23_:15@HG2        1     0.04     4.17 5.96e-08
     328       :557@C3_:12@CA        1     0.04     4.17 5.96e-08
     329        :557@H4_:12@H        1     0.04     4.18        0
     330       :557@C2_:11@CZ        1     0.04     4.21        0
     331        :557@N_:11@CA        1     0.04     4.21 5.96e-08
     332     :557@H22_:15@HD3        1     0.04     4.22        0
     333      :557@C1_:11@NH2        1     0.04     4.23        0
     334        :557@H7_:12@H        1     0.04     4.23        0
     335     :557@C9_:220@HE2        1     0.04     4.24 5.96e-08
     336    :557@H25_:220@HZ1        1     0.04     4.25 5.96e-08
     337    :557@H21_:220@HE2        1     0.04     4.25        0
     338    :557@H16_:11@HH22        1     0.04     4.25        0
     339      :557@C12_:15@CD        1     0.04     4.26        0
     340        :557@H4_:8@CA        1     0.04     4.26        0
     341     :557@H23_:15@HD2        1     0.04     4.27 5.96e-08
     342       :557@H3_:11@CZ        1     0.04     4.28 5.96e-08
     343      :557@C10_:15@CD        1     0.04     4.28        0
     344     :557@C12_:15@HD2        1     0.04     4.31        0
     345     :557@H19_:11@NH2        1     0.04     4.32        0
     346     :557@O1_:11@HH22        1     0.04     4.33        0
     347      :557@C2_:12@HB3        1     0.04     4.34        0
     348      :557@H6_:12@HB1        1     0.04     4.34        0
     349      :557@H7_:288@HZ        1     0.04     4.35        0
     350        :557@H4_:11@O        1     0.04     4.36 5.96e-08
     351       :557@C3_:11@HE        1     0.04     4.36 5.96e-08
     352     :557@C1_:11@HH21        1     0.04     4.37        0
     353     :557@C2_:11@HH22        1     0.04     4.37        0
     354         :557@H6_:8@O        1     0.04     4.37        0
     355        :557@N_:12@CA        1     0.04     4.38        0
     356      :557@H27_:15@CG        1     0.04     4.39        0
     357      :557@C6_:12@HB3        1     0.04     4.39        0
     358       :557@H5_:11@CB        1     0.04     4.39 5.96e-08
     359        :557@C2_:12@N        1     0.04     4.39        0
     360      :557@H7_:12@HB3        1     0.04      4.4        0
     361     :557@H27_:18@HG3        1     0.04     4.41        0
     362      :557@H23_:15@CG        1     0.04     4.41        0
     363     :557@H26_:15@HD2        1     0.04     4.42        0
     364     :557@C11_:220@CE        1     0.04     4.42        0
     365     :557@H25_:220@NZ        1     0.04     4.42        0
     366      :557@H6_:15@HB3        1     0.04     4.43 5.96e-08
     367        :557@C2_:11@C        1     0.04     4.43 5.96e-08
     368      :557@H26_:15@CD        1     0.04     4.43        0
     369       :557@H27_:15@N        1     0.04     4.43        0
     370     :557@H7_:288@HE1        1     0.04     4.46 5.96e-08
     371    :557@H21_:220@HE3        1     0.04     4.46 5.96e-08
     372         :557@C2_:8@O        1     0.04     4.49 5.96e-08
     373        :557@C1_:8@CB        1     0.04     4.49        0
     374        :557@C3_:12@H        1     0.04     4.49 5.96e-08
