#Residue RMSF_Angstrom
0 6.033436
1 3.647488
2 3.640555
3 3.507180
4 2.411761
5 1.777085
6 1.572514
7 1.233150
8 1.250988
9 1.186715
10 1.020965
11 0.830586
12 0.787427
13 0.767398
14 0.765035
15 0.726015
16 0.705700
17 0.716982
18 0.661794
19 0.615262
20 0.647194
21 0.608292
22 0.782586
23 1.014921
24 1.211772
25 0.756257
26 0.854646
27 1.103094
28 0.944614
29 0.791404
30 0.781541
31 1.100155
32 1.052191
33 0.851066
34 0.937330
35 0.862516
36 0.879882
37 0.863369
38 0.676888
39 0.683407
40 0.791680
41 0.696116
42 0.625698
43 0.737284
44 0.771605
45 0.678770
46 0.756070
47 0.917376
48 0.914121
49 0.906598
50 1.032647
51 1.169877
52 1.190197
53 1.212316
54 1.043169
55 1.064426
56 0.993707
57 0.798410
58 0.706650
59 0.651655
60 0.595040
61 0.514622
62 0.471243
63 0.448374
64 0.425755
65 0.393275
66 0.433611
67 0.457326
68 0.448897
69 0.467735
70 0.520475
71 0.586415
72 0.679776
73 0.700666
74 0.770465
75 0.777290
76 0.947322
77 0.911638
78 0.996473
79 0.822386
80 0.680783
81 0.736822
82 0.692205
83 0.583316
84 0.584231
85 0.653450
86 0.562929
87 0.508480
88 0.622074
89 0.650764
90 0.573358
91 0.558460
92 0.673747
93 0.708398
94 0.682640
95 0.892211
96 1.107915
97 1.473645
98 1.321246
99 1.028030
100 0.964086
101 1.084355
102 1.063092
103 1.302415
104 1.209675
105 0.971317
106 1.136873
107 1.271717
108 1.128814
109 1.131700
110 1.358093
111 1.285724
112 1.301711
113 1.421818
114 1.588795
115 1.144051
116 0.999637
117 0.990098
118 0.824178
119 0.804351
120 0.837361
121 0.666078
122 0.644335
123 0.750240
124 0.664952
125 0.543505
126 0.533681
127 0.562657
128 0.572280
129 0.529757
130 0.617526
131 0.548741
132 0.523431
133 0.496536
134 0.557242
135 0.563646
136 0.687527
137 0.797412
138 0.725037
139 0.891996
140 1.030462
141 0.882792
142 0.917482
143 1.082346
144 1.068504
145 1.073177
146 1.205294
147 1.316347
148 1.433419
149 1.570918
150 1.998418
151 1.919567
152 2.085160
153 1.948097
154 1.976216
155 1.664603
156 1.353570
157 1.411546
158 1.366909
159 1.146355
160 1.112826
161 1.171310
162 1.052612
163 0.883299
164 0.889700
165 0.934729
166 0.816548
167 0.699247
168 0.735871
169 0.853042
170 0.735590
171 0.633138
172 0.699603
173 0.701064
174 0.730496
175 0.791582
176 0.707103
177 0.754753
178 1.009825
179 0.952594
180 0.819996
181 0.697425
182 0.795026
183 0.825437
184 0.746612
185 0.767035
186 0.884783
187 0.898384
188 0.821360
189 0.963305
190 1.060647
191 1.015558
192 1.042035
193 1.208438
194 1.534706
195 1.485155
196 1.601591
197 2.380483
198 2.831991
199 3.292276
200 3.376601
201 3.028739
202 3.348910
203 2.537977
204 2.654094
205 2.276216
206 2.129264
207 1.940098
208 2.065126
209 1.771922
210 1.415112
211 1.404014
212 1.503976
213 1.489865
214 1.370483
215 1.587743
216 1.940994
217 2.119041
218 1.986240
219 2.485979
220 2.082364
221 1.668866
222 1.470167
223 1.614899
224 1.661942
225 1.375516
226 1.332102
227 1.412290
228 1.249174
229 1.123657
230 1.168064
231 1.084291
232 0.994479
233 1.086669
234 1.089622
235 0.958011
236 0.996417
237 1.187011
238 1.262011
239 1.352536
240 1.783358
241 1.921037
242 2.481258
243 4.333898
244 2.876435
245 1.457269
246 1.019878
247 0.964182
248 1.037762
249 1.147450
250 1.218998
251 1.052209
252 1.571015
253 1.274721
254 1.104152
255 0.974738
256 0.863313
257 0.851437
258 0.833595
259 0.938049
260 0.970181
261 1.100723
262 1.118316
263 1.395268
264 1.796113
265 1.575673
266 1.676951
267 1.485944
268 1.293890
269 1.134165
270 0.838104
271 0.955942
272 0.971189
273 1.054106
274 0.955582
275 0.748292
276 0.711488
277 0.792274
278 0.680037
279 0.610751
280 0.674277
281 0.672870
282 0.662985
283 0.665374
284 0.680866
285 0.653706
286 0.883511
287 1.238896
288 1.205439
289 0.959632
290 0.993933
291 0.807403
292 0.736258
293 0.709463
294 0.722769
295 0.725935
296 0.765574
297 0.763256
298 0.698210
299 0.807546
300 0.776441
301 0.869044
302 1.181257
303 1.751460
304 1.477785
305 1.059158
306 0.917082
307 0.855552
308 0.729032
309 0.741471
310 0.708125
311 0.721410
312 0.727350
313 0.843720
314 0.983403
315 1.282103
316 1.089781
317 1.046560
318 0.899098
319 1.042140
320 1.304285
321 1.261852
322 1.150769
323 1.414086
324 1.614760
325 1.520518
326 1.876758
327 1.928648
328 1.712341
329 1.359193
330 1.272208
331 1.523487
332 1.495121
333 1.563020
334 1.358264
335 1.047184
336 1.165829
337 1.227164
338 0.926748
339 0.843264
340 1.063036
341 0.922761
342 0.681890
343 0.840507
344 1.026829
345 0.844802
346 0.834323
347 1.126551
348 1.206729
349 1.132465
350 1.208204
351 1.487715
352 1.618497
353 1.652168
354 1.410146
355 1.371895
356 1.181701
357 1.388793
358 1.383322
359 0.955327
360 0.826381
361 0.775734
362 0.938163
363 0.788458
364 0.703326
365 0.764998
366 0.986563
367 1.725428
368 2.191787
369 2.081461
370 2.043344
371 1.269359
372 0.899566
373 0.737807
374 0.623742
375 0.715998
376 0.967093
377 0.934755
378 1.175588
379 1.384624
380 1.402267
381 1.356247
382 1.068681
383 0.843842
384 1.028079
385 1.112929
386 1.389556
387 1.621623
388 1.631232
389 1.693101
390 2.051847
391 2.267311
392 2.417502
393 2.580459
394 2.493235
395 2.504643
396 2.198368
397 1.405409
398 1.137694
399 0.900787
400 0.866719
401 0.799003
402 0.661414
403 0.530333
404 0.559975
405 0.561804
406 0.487307
407 0.551730
408 0.648807
409 0.725196
410 0.825048
411 0.994743
412 1.099375
413 1.114732
414 1.069635
415 0.958858
416 0.916434
417 1.091690
418 1.478645
419 1.721194
420 2.103137
421 2.019619
422 1.850213
423 1.971445
424 1.831449
425 1.514812
426 1.540474
427 1.642022
428 1.350012
429 1.155665
430 1.350160
431 1.296592
432 1.080984
433 1.177159
434 1.376140
435 1.586745
436 1.696426
437 2.062667
438 2.435866
439 2.524595
440 2.139726
441 2.127570
442 2.323701
443 2.841928
444 3.083420
445 2.570027
446 2.876582
447 2.578898
448 2.693181
449 2.283507
450 2.525848
451 2.500553
452 2.070805
453 2.053872
454 1.880430
455 1.627756
456 1.564271
457 1.406195
458 1.322951
459 1.300903
460 1.160148
461 1.405827
462 1.449149
463 1.208012
464 1.107289
465 1.545941
466 1.661031
467 1.418842
468 1.591146
469 1.609574
470 1.511003
471 1.195537
472 1.110721
473 1.233205
474 1.062924
475 0.799341
476 0.976499
477 1.065858
478 0.842568
479 0.860019
480 1.119082
481 1.260022
482 1.534111
483 1.547185
484 1.791943
485 1.640070
486 1.283597
487 1.243538
488 1.227962
489 1.073837
490 1.252746
491 1.397988
492 1.159762
493 1.217818
494 1.551138
495 1.461237
496 1.639576
497 1.400802
498 1.491938
499 2.063001
500 3.017996
501 4.314063
502 4.634578
503 2.449492
504 1.982306
505 1.344280
506 1.294582
507 1.246994
508 1.288605
509 1.075845
510 1.088223
511 1.299146
512 1.449697
513 1.295104
514 1.248783
515 1.181321
516 1.415210
517 1.054219
518 0.930761
519 0.979811
520 1.021598
521 0.923083
522 0.865807
523 0.946500
524 0.915290
525 0.768824
526 0.705419
527 0.786319
528 0.739887
529 0.666391
530 0.678440
531 0.735520
532 0.762100
533 0.733635
534 0.819278
535 1.028340
536 1.227935
537 1.262880
538 1.490384
539 1.232710
540 1.053871
541 1.209790
542 1.496469
543 1.513032
544 1.384227
545 1.813282
546 2.453619
547 1.971746
548 2.196683
549 1.894175
550 1.616799
551 1.635312
552 2.029245
553 2.082932
554 2.073929
555 2.353509
