#Residue RMSF_Angstrom
0 4.250109
1 2.837673
2 2.316839
3 2.165701
4 1.933974
5 1.702294
6 1.685059
7 1.634249
8 1.360473
9 1.245732
10 1.316831
11 1.174421
12 0.980352
13 1.087868
14 1.214296
15 1.024505
16 0.976998
17 0.996309
18 1.037860
19 0.949462
20 0.890385
21 0.832773
22 1.002328
23 1.236105
24 1.483645
25 1.118921
26 1.289255
27 1.527858
28 1.387713
29 1.191370
30 1.219382
31 1.524755
32 1.460944
33 1.268252
34 1.401273
35 1.269322
36 1.331533
37 1.164615
38 0.892179
39 0.988286
40 1.029187
41 0.839053
42 0.744533
43 0.917180
44 0.878876
45 0.726928
46 0.847927
47 0.986282
48 0.886094
49 0.870919
50 1.047128
51 1.088622
52 1.059283
53 1.097638
54 0.982673
55 1.084172
56 1.016033
57 0.906005
58 0.770467
59 0.669001
60 0.695884
61 0.665735
62 0.549869
63 0.561602
64 0.581432
65 0.480600
66 0.513733
67 0.587331
68 0.531181
69 0.524553
70 0.703445
71 0.716277
72 0.690304
73 0.831578
74 1.043696
75 1.027117
76 1.178512
77 1.114955
78 1.109112
79 0.978518
80 0.842105
81 0.870238
82 0.862711
83 0.659040
84 0.659011
85 0.740989
86 0.697759
87 0.557752
88 0.666090
89 0.852628
90 0.796665
91 0.749695
92 0.917027
93 1.034182
94 1.009778
95 1.317088
96 1.527610
97 1.848004
98 1.507646
99 1.209983
100 1.062332
101 1.229311
102 1.209826
103 1.318700
104 1.199773
105 0.962831
106 1.123594
107 1.233385
108 1.053665
109 1.095853
110 1.338118
111 1.591319
112 1.566777
113 1.303612
114 1.365140
115 1.280254
116 1.581655
117 1.416521
118 0.986853
119 1.245355
120 1.343074
121 0.989492
122 0.927195
123 1.051295
124 0.897492
125 0.634537
126 0.676734
127 0.703318
128 0.596696
129 0.504228
130 0.656244
131 0.809919
132 0.800927
133 0.738615
134 0.826164
135 0.721839
136 0.881208
137 0.793395
138 0.819027
139 0.919420
140 1.006520
141 0.972167
142 0.960245
143 1.123883
144 1.217037
145 1.190750
146 1.223958
147 1.572763
148 1.844550
149 1.700061
150 1.935082
151 1.927134
152 2.023792
153 1.929466
154 1.948449
155 1.796211
156 1.579564
157 1.527779
158 1.482901
159 1.277012
160 1.164999
161 1.192970
162 1.094714
163 0.969678
164 0.973111
165 0.963496
166 0.884919
167 0.807893
168 0.808645
169 0.928408
170 0.949085
171 0.797501
172 0.830914
173 1.032053
174 1.186282
175 1.306874
176 1.090336
177 0.998117
178 1.190444
179 1.118965
180 1.097517
181 0.941446
182 0.991655
183 0.999361
184 0.905587
185 0.909984
186 1.029420
187 1.014274
188 0.940234
189 1.004215
190 1.084897
191 1.068717
192 1.087600
193 1.203081
194 1.493167
195 1.459883
196 1.943704
197 2.262408
198 2.832872
199 3.554232
200 3.595454
201 3.201910
202 3.266112
203 2.988155
204 3.078382
205 2.482381
206 1.967979
207 1.688665
208 1.724564
209 1.710406
210 1.511855
211 1.423506
212 1.569624
213 1.522599
214 1.368983
215 1.413118
216 1.578032
217 1.479700
218 1.329622
219 1.534824
220 1.580983
221 1.765465
222 1.661378
223 1.765504
224 1.545118
225 1.334632
226 1.550896
227 1.571198
228 1.293322
229 1.317463
230 1.525007
231 1.302153
232 1.175216
233 1.518621
234 1.478186
235 1.231453
236 1.370342
237 1.574069
238 1.558850
239 1.589702
240 2.061154
241 2.398719
242 2.962506
243 4.972128
244 5.020659
245 3.290387
246 1.763263
247 1.478358
248 1.557920
249 1.534786
250 1.546785
251 1.524142
252 1.974951
253 1.612510
254 1.614674
255 1.408072
256 1.321685
257 1.340872
258 1.291779
259 1.656856
260 1.848470
261 2.007081
262 1.980238
263 1.957382
264 2.017157
265 1.738795
266 1.788749
267 1.874216
268 1.464855
269 1.375002
270 1.294766
271 1.357267
272 1.284748
273 1.462523
274 1.365637
275 1.092709
276 1.122559
277 1.209453
278 1.064636
279 0.970119
280 1.093410
281 1.123580
282 1.087981
283 1.100175
284 1.192726
285 1.278601
286 1.464813
287 1.420466
288 1.330793
289 1.247852
290 1.317666
291 1.038971
292 1.105762
293 1.211505
294 1.265517
295 1.237076
296 1.148151
297 1.161208
298 1.118033
299 1.133870
300 1.370566
301 1.561355
302 1.726566
303 2.173824
304 1.902711
305 1.729094
306 1.880956
307 1.596280
308 1.419608
309 1.404102
310 1.210145
311 1.279750
312 1.257377
313 1.269699
314 1.355438
315 1.750087
316 1.012993
317 0.948850
318 0.653084
319 0.921043
320 0.904377
321 0.799805
322 0.942474
323 1.176496
324 1.192954
325 1.327037
326 1.680131
327 1.815607
328 1.784176
329 1.537997
330 1.329855
331 1.517859
332 1.517764
333 1.516860
334 1.251616
335 1.078614
336 1.236352
337 1.200065
338 0.880001
339 0.900255
340 1.145414
341 1.019535
342 0.788033
343 0.939005
344 1.175476
345 1.022112
346 0.859104
347 1.128260
348 1.269267
349 1.118752
350 1.122774
351 1.479858
352 1.593859
353 1.368685
354 1.211814
355 1.021892
356 0.990337
357 1.061746
358 0.834692
359 0.681532
360 0.773482
361 0.698760
362 0.894603
363 0.830474
364 0.718464
365 0.849159
366 0.879292
367 1.300007
368 2.010661
369 2.310645
370 1.708059
371 1.291954
372 0.880270
373 0.958191
374 0.881982
375 0.983491
376 1.119430
377 1.253467
378 1.381030
379 1.337240
380 1.371637
381 1.292759
382 1.156646
383 0.934663
384 1.043240
385 1.025346
386 1.224826
387 1.230682
388 1.250447
389 1.446591
390 1.636038
391 1.652599
392 1.768267
393 1.943019
394 1.744059
395 1.400187
396 1.212347
397 1.031019
398 0.951059
399 0.698854
400 0.780659
401 0.867200
402 0.741286
403 0.691746
404 0.897213
405 0.906610
406 0.776474
407 0.920576
408 1.099798
409 1.038027
410 0.991696
411 1.261274
412 1.329182
413 1.219963
414 1.262206
415 1.184840
416 1.268914
417 1.401868
418 1.632943
419 1.734775
420 1.985539
421 1.844891
422 1.766440
423 1.932982
424 1.970693
425 1.644369
426 1.645282
427 1.910475
428 1.728150
429 1.525806
430 1.766991
431 1.944617
432 1.736798
433 1.674468
434 1.920396
435 1.978003
436 1.874323
437 2.070046
438 2.165965
439 2.298002
440 1.902214
441 1.787276
442 1.709640
443 2.124902
444 2.409138
445 2.141163
446 2.574337
447 2.225344
448 2.303070
449 2.206894
450 2.577360
451 2.511033
452 2.342079
453 2.566046
454 2.530224
455 2.390395
456 2.357712
457 2.135046
458 2.200882
459 2.142255
460 1.916096
461 2.041512
462 2.118974
463 1.889948
464 1.764281
465 2.172064
466 2.135483
467 1.934312
468 2.126907
469 2.216042
470 1.987267
471 1.628085
472 1.663808
473 1.705101
474 1.437928
475 1.282490
476 1.393811
477 1.282666
478 1.033893
479 1.145779
480 1.237827
481 1.290254
482 1.315826
483 1.184976
484 1.310791
485 1.359640
486 1.146360
487 1.152303
488 1.093289
489 1.059568
490 1.374324
491 1.453126
492 1.285915
493 1.387564
494 1.732123
495 1.711912
496 1.954002
497 1.678895
498 1.518560
499 1.990311
500 3.249327
501 4.509863
502 3.050088
503 1.946105
504 1.662573
505 1.200205
506 1.214371
507 1.216475
508 1.172747
509 1.109937
510 1.077804
511 1.131614
512 1.171346
513 1.210279
514 1.588700
515 1.674060
516 2.163638
517 2.304882
518 1.657118
519 2.016039
520 2.453542
521 1.894348
522 1.460999
523 1.830505
524 1.796861
525 1.231726
526 1.179785
527 1.439969
528 1.188034
529 0.879617
530 1.041052
531 1.110688
532 1.000304
533 0.963199
534 1.091793
535 1.318809
536 1.348263
537 1.245367
538 1.193990
539 1.241587
540 1.365644
541 1.422867
542 1.901569
543 1.894968
544 1.747090
545 2.189471
546 2.076554
547 2.012806
548 2.513172
549 2.639679
550 2.747686
551 3.372443
552 4.036558
553 4.527638
554 5.401474
555 7.821956
