#Residue RMSF_Angstrom
0 4.939578
1 2.763891
2 1.865129
3 1.609643
4 1.363551
5 1.277625
6 1.190265
7 1.094709
8 0.953332
9 0.859918
10 0.909437
11 0.870034
12 0.819369
13 0.791181
14 0.807721
15 0.844005
16 0.736024
17 0.789118
18 0.815701
19 0.665636
20 0.683319
21 0.671778
22 0.886452
23 1.118986
24 1.212841
25 0.943730
26 1.081425
27 1.351017
28 1.233092
29 0.990102
30 0.987651
31 1.258909
32 1.066753
33 0.952325
34 1.074465
35 0.957575
36 1.011361
37 0.910035
38 0.727219
39 0.780710
40 0.876633
41 0.735939
42 0.642268
43 0.785868
44 0.826183
45 0.697766
46 0.749978
47 0.892908
48 0.865142
49 0.829358
50 1.009446
51 1.110615
52 1.093910
53 1.097178
54 1.003587
55 0.980525
56 0.851357
57 0.752553
58 0.669921
59 0.604925
60 0.559304
61 0.521569
62 0.506010
63 0.472417
64 0.485057
65 0.474391
66 0.480634
67 0.526532
68 0.522782
69 0.533740
70 0.609280
71 0.688238
72 0.740485
73 0.723757
74 0.898384
75 0.895463
76 1.048631
77 1.047221
78 1.439673
79 0.912906
80 0.707192
81 0.687118
82 0.689735
83 0.608299
84 0.612830
85 0.632520
86 0.604067
87 0.549419
88 0.614728
89 0.674181
90 0.634065
91 0.614603
92 0.720038
93 0.752774
94 0.730049
95 0.820532
96 0.909274
97 1.192197
98 1.170038
99 0.977103
100 0.953103
101 1.128148
102 1.003516
103 1.101212
104 1.143057
105 0.950082
106 1.033087
107 1.169985
108 1.094691
109 1.029223
110 1.207958
111 1.186378
112 1.130388
113 1.048565
114 1.055544
115 1.024455
116 0.954161
117 0.812067
118 0.760962
119 0.785368
120 0.768726
121 0.655673
122 0.629074
123 0.620303
124 0.597799
125 0.530662
126 0.555000
127 0.642952
128 0.566131
129 0.595691
130 0.736498
131 0.686494
132 0.683398
133 0.580309
134 0.663004
135 0.623650
136 0.679177
137 0.655809
138 0.638278
139 0.753183
140 0.820179
141 0.768557
142 0.806365
143 0.985834
144 1.029675
145 1.037442
146 1.136614
147 1.272077
148 1.473992
149 1.416866
150 1.727850
151 1.681740
152 1.920947
153 1.804147
154 1.872541
155 1.716224
156 1.363867
157 1.369311
158 1.366217
159 1.069999
160 1.038674
161 1.099246
162 0.951891
163 0.794675
164 0.818384
165 0.885103
166 0.737403
167 0.637966
168 0.755636
169 0.817990
170 0.713459
171 0.637404
172 0.714230
173 0.816859
174 0.830852
175 0.866424
176 0.717237
177 0.770358
178 1.047221
179 0.721703
180 0.670328
181 0.611099
182 0.702533
183 0.678807
184 0.621279
185 0.652887
186 0.708626
187 0.699541
188 0.680333
189 0.773511
190 0.831430
191 0.867328
192 0.891367
193 1.064677
194 1.363085
195 1.504558
196 1.975575
197 2.082098
198 2.657777
199 2.562423
200 2.125703
201 1.486562
202 1.569491
203 1.494360
204 1.688314
205 1.615288
206 1.546731
207 1.406733
208 1.449850
209 1.429630
210 1.214296
211 1.132892
212 1.223797
213 1.208863
214 1.049471
215 1.151564
216 1.343168
217 1.310154
218 1.243917
219 1.516595
220 1.457142
221 1.480799
222 1.203076
223 1.317438
224 1.283093
225 0.999563
226 1.030231
227 1.242535
228 1.021061
229 0.958076
230 1.152923
231 1.100754
232 0.947552
233 1.113921
234 1.201320
235 1.141886
236 1.235113
237 1.383962
238 1.429339
239 1.484287
240 1.898688
241 2.049864
242 2.386158
243 3.445715
244 3.363656
245 1.948990
246 1.275293
247 1.055332
248 1.063873
249 1.178555
250 1.628972
251 1.962807
252 2.804525
253 3.248464
254 1.868173
255 1.310208
256 0.979196
257 0.836484
258 0.878128
259 0.894175
260 1.025420
261 0.942598
262 1.069763
263 1.204458
264 1.404662
265 1.258636
266 1.998965
267 2.310996
268 1.021240
269 0.861121
270 0.803799
271 0.870395
272 0.861574
273 0.983714
274 0.935849
275 0.790846
276 0.735104
277 0.781199
278 0.707000
279 0.665554
280 0.756201
281 0.761496
282 0.704656
283 0.769135
284 1.004939
285 0.975853
286 0.957878
287 1.106890
288 1.025921
289 0.867357
290 0.835332
291 0.758408
292 0.804795
293 0.880439
294 1.232427
295 1.093719
296 0.907144
297 0.756865
298 0.724499
299 0.712014
300 0.742774
301 1.032745
302 1.212266
303 2.008835
304 1.543151
305 0.972762
306 1.001589
307 0.848273
308 0.832478
309 0.815186
310 0.711591
311 0.919357
312 0.989290
313 0.852648
314 0.865501
315 1.079183
316 0.854104
317 0.797405
318 0.647656
319 0.841366
320 0.930737
321 0.848722
322 0.877207
323 1.138564
324 1.237949
325 1.204646
326 1.479738
327 1.558850
328 1.475181
329 1.224275
330 1.099409
331 1.173354
332 1.084427
333 1.060862
334 0.890202
335 0.735825
336 0.738667
337 0.744381
338 0.611465
339 0.561443
340 0.626801
341 0.595001
342 0.547362
343 0.590987
344 0.674654
345 0.664017
346 0.649198
347 0.743687
348 0.795956
349 0.771486
350 0.842075
351 0.914370
352 0.956926
353 0.991876
354 0.910680
355 0.901632
356 0.791007
357 0.921111
358 0.910801
359 0.734421
360 0.687397
361 0.693666
362 0.807630
363 0.750800
364 0.692417
365 0.764917
366 0.791522
367 0.994292
368 1.318328
369 1.414389
370 1.085450
371 0.950793
372 0.751252
373 0.754510
374 0.712552
375 0.802565
376 0.937375
377 1.106523
378 1.482237
379 1.311221
380 1.273769
381 1.093397
382 0.939328
383 0.800935
384 0.904896
385 0.923298
386 1.056755
387 1.162457
388 1.167385
389 1.203295
390 1.321068
391 1.367282
392 1.371829
393 1.424635
394 1.204535
395 1.139433
396 0.993704
397 0.949806
398 0.892079
399 0.746023
400 0.740567
401 0.770622
402 0.687306
403 0.611153
404 0.704997
405 0.713201
406 0.625076
407 0.641747
408 0.739169
409 0.774940
410 0.788123
411 1.009403
412 1.287923
413 1.119210
414 1.088701
415 0.982890
416 0.909486
417 0.974948
418 1.164477
419 1.381832
420 1.845074
421 1.471149
422 1.370852
423 1.505317
424 1.447087
425 1.204026
426 1.241820
427 1.393728
428 1.245640
429 1.095282
430 1.285568
431 1.363686
432 1.213291
433 1.247627
434 1.424838
435 1.447338
436 1.471141
437 1.819549
438 2.155256
439 2.282965
440 1.988767
441 1.872890
442 2.122428
443 2.618662
444 2.769494
445 2.166915
446 2.467070
447 2.015327
448 2.142883
449 1.870270
450 2.090953
451 2.025372
452 1.749865
453 1.918711
454 1.775940
455 1.736725
456 1.633101
457 1.472073
458 1.496287
459 1.411442
460 1.207118
461 1.509092
462 1.585057
463 1.297450
464 1.236303
465 1.600485
466 1.467798
467 1.234239
468 1.288835
469 1.257755
470 1.170507
471 0.966430
472 0.983362
473 1.063186
474 0.919705
475 0.830170
476 0.994894
477 0.947110
478 0.806202
479 0.917536
480 0.999855
481 1.120170
482 1.254181
483 1.160939
484 1.358584
485 1.290357
486 1.001893
487 0.927483
488 0.904635
489 0.816998
490 0.912077
491 0.992485
492 0.835819
493 0.812965
494 1.011886
495 1.018919
496 1.229150
497 1.029642
498 0.896688
499 1.329597
500 2.754334
501 4.009166
502 3.844144
503 2.229468
504 1.468122
505 1.139276
506 1.225064
507 1.190561
508 1.136091
509 0.992628
510 1.072501
511 1.409907
512 1.600775
513 1.562602
514 1.650760
515 1.002327
516 1.244696
517 1.096109
518 0.951031
519 1.093478
520 1.145116
521 0.978872
522 0.919569
523 1.106145
524 1.051687
525 0.861029
526 0.879363
527 1.002652
528 0.928238
529 0.865427
530 0.926442
531 1.046350
532 0.995270
533 0.950484
534 1.183643
535 1.059269
536 1.122861
537 1.463486
538 1.570748
539 1.509378
540 1.309449
541 1.488315
542 1.338469
543 1.460779
544 1.511587
545 1.768484
546 1.852103
547 2.068198
548 2.133875
549 2.017165
550 2.013983
551 1.879591
552 2.194395
553 2.848611
554 3.318267
555 4.287363
