# Contacts: LigContacts
# Native contacts determined from mask ':LIG' and mask ':1-556'
#                     Contact  Nframes    Frac.      Avg    Stdev
       1     :557@C3_:290@HD2       35    0.479     3.58    0.463
       2       :557@H7_:288@O       34    0.466     3.48    0.588
       3       :557@H6_:288@O       34    0.466     3.49     0.56
       4       :557@C3_:288@O       34    0.466     3.54    0.308
       5      :557@H_:290@HD2       33    0.452     3.07     0.54
       6     :557@C4_:290@HD2       32    0.438     3.56     0.36
       7     :557@H6_:290@HD2       31    0.425     3.41    0.672
       8    :557@H30_:290@HE2       30    0.411     2.65    0.647
       9     :557@H5_:290@HD2       30    0.411     3.34    0.608
      10    :557@H30_:290@NE2       29    0.397     3.08    0.529
      11     :557@H7_:290@HD2       29    0.397     3.58    0.604
      12     :557@N2_:290@HD2       29    0.397     3.59    0.352
      13    :557@H30_:290@HD2       28    0.384     2.86    0.474
      14     :557@N4_:290@HE2       28    0.384     2.94    0.497
      15    :557@H34_:290@HE2       28    0.384     3.01      0.5
      16     :557@H9_:290@HD2       28    0.384     3.16    0.706
      17    :557@H30_:290@CD2       28    0.384     3.19    0.325
      18     :557@H4_:288@HB3       28    0.384     3.25    0.702
      19     :557@H6_:288@HB3       28    0.384     3.31    0.691
      20    :557@C17_:290@HE2       28    0.384      3.5     0.47
      21     :557@N4_:290@NE2       28    0.384     3.54    0.379
      22     :557@H8_:290@HD2       28    0.384     3.57    0.765
      23      :557@H_:290@CD2       28    0.384     3.61    0.383
      24     :557@C2_:290@HD2       28    0.384     3.71     0.45
      25    :557@H36_:290@HE2       27     0.37      2.5    0.491
      26    :557@H36_:290@NE2       27     0.37     2.89    0.365
      27    :557@C16_:290@HE2       27     0.37     3.03    0.458
      28     :557@N4_:290@HD2       27     0.37     3.19    0.422
      29      :557@H5_:290@HA       27     0.37     3.32    0.721
      30    :557@C18_:290@NE2       27     0.37     3.37    0.284
      31      :557@H6_:290@HA       27     0.37      3.4    0.573
      32    :557@H38_:345@HG2       27     0.37      3.5    0.583
      33    :557@H37_:290@HE2       27     0.37     3.65    0.188
      34     :557@N4_:290@CD2       27     0.37     3.65    0.273
      35      :557@H_:290@HE2       27     0.37     3.78    0.604
      36    :557@H36_:290@CE1       27     0.37     3.85    0.247
      37    :557@H41_:345@HB3       26    0.356     2.63    0.604
      38    :557@C18_:290@HE2       26    0.356     2.67    0.317
      39    :557@H39_:291@HD2       26    0.356     3.28    0.632
      40    :557@H38_:345@HB3       26    0.356     3.32    0.721
      41    :557@H39_:291@HG2       26    0.356     3.36    0.737
      42      :557@H7_:290@HA       26    0.356      3.5    0.704
      43      :557@C3_:290@HA       26    0.356     3.57    0.461
      44     :557@C5_:290@HD2       26    0.356     3.68     0.43
      45    :557@H36_:291@HD2       26    0.356     3.76    0.462
      46    :557@C16_:290@NE2       26    0.356     3.84    0.313
      47    :557@C14_:290@HD2       26    0.356     3.96    0.251
      48     :557@N5_:290@HE2       25    0.342     2.17    0.222
      49      :557@H_:349@HD1       25    0.342     2.31    0.329
      50    :557@H41_:290@HE2       25    0.342     2.39    0.294
      51    :557@H34_:349@HB2       25    0.342     2.44    0.281
      52    :557@H30_:349@HB2       25    0.342     2.49    0.383
      53      :557@H_:349@CD1       25    0.342     2.68    0.269
      54     :557@N3_:349@HD1       25    0.342     2.73    0.206
      55     :557@H23_:15@HB2       25    0.342     2.82    0.756
      56    :557@H41_:290@HE1       25    0.342     2.82    0.418
      57     :557@H32_:349@HA       25    0.342     2.91     0.54
      58    :557@H36_:290@HD2       25    0.342     2.95    0.289
      59     :557@N6_:290@HE2       25    0.342     2.97    0.251
      60    :557@H41_:290@NE2       25    0.342     2.98     0.24
      61    :557@H29_:349@HD1       25    0.342     2.98    0.293
      62     :557@N6_:345@HB3       25    0.342     2.99    0.463
      63    :557@H30_:349@HD1       25    0.342        3    0.419
      64    :557@H39_:290@HE2       25    0.342        3     0.38
      65     :557@N2_:349@HD1       25    0.342     3.01    0.323
      66      :557@H_:349@HE1       25    0.342     3.02    0.345
      67    :557@C19_:290@HE2       25    0.342     3.04    0.188
      68    :557@C20_:290@HE2       25    0.342     3.05    0.251
      69      :557@H_:349@CE1       25    0.342     3.06    0.306
      70    :557@H36_:290@CD2       25    0.342     3.08     0.24
      71     :557@N5_:290@NE2       25    0.342     3.09    0.204
      72    :557@H41_:290@CE1       25    0.342     3.18    0.354
      73    :557@H38_:290@HE2       25    0.342      3.2    0.264
      74    :557@H39_:290@NE2       25    0.342     3.28    0.347
      75     :557@H34_:349@CB       25    0.342     3.28    0.329
      76      :557@H34_:349@H       25    0.342      3.3    0.412
      77    :557@C17_:349@HB2       25    0.342     3.31    0.276
      78      :557@H34_:349@N       25    0.342     3.32    0.536
      79     :557@H30_:349@CB       25    0.342     3.38    0.318
      80    :557@C14_:349@HD1       25    0.342      3.4    0.165
      81    :557@H30_:349@CD1       25    0.342     3.42    0.311
      82     :557@N4_:349@HB2       25    0.342     3.43    0.342
      83      :557@H34_:345@O       25    0.342     3.49    0.555
      84     :557@N3_:349@HB2       25    0.342     3.49     0.47
      85    :557@H34_:348@HB3       25    0.342     3.53    0.515
      86       :557@H_:349@CG       25    0.342     3.55    0.348
      87     :557@N2_:349@CD1       25    0.342     3.56    0.267
      88    :557@H34_:290@NE2       25    0.342     3.56    0.402
      89     :557@N2_:349@HE1       25    0.342     3.61    0.305
      90     :557@H30_:349@CG       25    0.342     3.61    0.222
      91    :557@C20_:290@NE2       25    0.342     3.61    0.217
      92    :557@H39_:290@CE1       25    0.342     3.63    0.441
      93     :557@N3_:349@CD1       25    0.342     3.63    0.216
      94    :557@C19_:345@HB3       25    0.342     3.65    0.316
      95    :557@H39_:290@HE1       25    0.342     3.67    0.559
      96     :557@N6_:290@NE2       25    0.342     3.67    0.197
      97     :557@N4_:349@HD1       25    0.342      3.7    0.321
      98     :557@H24_:11@HD3       25    0.342      3.7    0.493
      99     :557@H6_:290@HB2       25    0.342     3.71    0.531
     100     :557@N6_:290@HE1       25    0.342     3.74    0.392
     101    :557@C15_:349@HD1       25    0.342     3.76    0.397
     102    :557@C18_:290@CD2       25    0.342     3.89    0.192
     103     :557@N5_:290@CD2       25    0.342     3.92    0.187
     104    :557@C19_:290@NE2       25    0.342     3.95    0.198
     105     :557@N5_:290@HD2       25    0.342     3.96    0.273
     106    :557@H37_:290@NE2       25    0.342     4.25    0.188
     107     :557@H24_:11@HG2       24    0.329     3.02    0.627
     108     :557@H34_:349@HA       24    0.329     3.16    0.753
     109      :557@N3_:349@HA       24    0.329     3.26    0.431
     110     :557@H38_:345@HA       24    0.329     3.32    0.502
     111    :557@H35_:348@OD2       24    0.329     3.34    0.496
     112     :557@H41_:345@CB       24    0.329     3.39    0.522
     113     :557@H34_:349@CA       24    0.329     3.41    0.548
     114      :557@H_:349@HB2       24    0.329     3.54     0.46
     115    :557@C15_:349@HB2       24    0.329     3.68    0.387
     116    :557@H32_:349@HD1       24    0.329     3.76    0.482
     117    :557@C19_:345@HG2       24    0.329     3.76    0.299
     118    :557@H34_:349@HB3       24    0.329     3.77    0.317
     119    :557@C16_:349@HB2       24    0.329     3.78    0.262
     120    :557@C18_:290@HD2       24    0.329     3.82    0.227
     121     :557@N2_:349@CE1       24    0.329     3.83    0.261
     122      :557@H24_:11@CD       24    0.329     3.83    0.378
     123     :557@H38_:345@CA       24    0.329     3.87    0.301
     124    :557@H29_:349@CD1       24    0.329     3.93    0.286
     125     :557@N6_:290@CE1       24    0.329     4.02    0.287
     126    :557@H40_:290@HE2       24    0.329     4.09    0.217
     127    :557@C14_:349@CD1       24    0.329      4.1    0.129
     128    :557@H44_:345@HG2       23    0.315     2.72    0.574
     129     :557@H20_:15@HB2       23    0.315     3.05     0.57
     130     :557@H31_:8@HH21       23    0.315     3.19    0.529
     131     :557@H24_:11@HB3       23    0.315     3.21    0.863
     132      :557@H38_:345@O       23    0.315      3.3    0.565
     133     :557@H8_:349@HE1       23    0.315     3.31    0.459
     134     :557@C15_:349@HA       23    0.315     3.32    0.404
     135       :557@H19_:11@O       23    0.315     3.33    0.481
     136      :557@H31_:8@NH2       23    0.315     3.33    0.366
     137    :557@H35_:348@HB3       23    0.315      3.4    0.596
     138     :557@H31_:8@HH22       23    0.315     3.46    0.465
     139      :557@H32_:349@N       23    0.315      3.6    0.508
     140     :557@H30_:349@HA       23    0.315     3.63    0.412
     141    :557@H32_:349@HB2       23    0.315     3.66    0.511
     142     :557@H5_:290@CD2       23    0.315     3.78    0.454
     143     :557@H38_:345@CB       23    0.315     3.79    0.454
     144    :557@H33_:290@HE2       23    0.315     3.86    0.288
     145     :557@N5_:290@CE1       23    0.315     4.01    0.272
     146    :557@H38_:290@NE2       23    0.315     4.02    0.214
     147    :557@C16_:290@HD2       23    0.315      4.1     0.25
     148     :557@N4_:349@CD1       23    0.315     4.15     0.21
     149      :557@N3_:349@CG       23    0.315     4.27      0.2
     150    :557@H45_:345@HG2       22    0.301     3.17    0.605
     151     :557@H35_:8@HH22       22    0.301     3.18     0.66
     152     :557@H8_:288@HB3       22    0.301      3.3    0.649
     153      :557@H24_:11@CG       22    0.301      3.4    0.471
     154     :557@H29_:349@HA       22    0.301      3.5    0.431
     155     :557@H32_:349@CA       22    0.301     3.54    0.306
     156     :557@H13_:11@HG2       22    0.301     3.54    0.505
     157     :557@C4_:288@HB3       22    0.301     3.58    0.532
     158      :557@H32_:348@C       22    0.301     3.63    0.513
     159     :557@H32_:8@HH22       22    0.301     3.63    0.588
     160      :557@N6_:345@CB       22    0.301     3.69    0.443
     161     :557@H8_:349@CE1       22    0.301     3.71    0.402
     162      :557@H23_:15@CG       22    0.301     3.74    0.326
     163       :557@H31_:8@CZ       22    0.301     3.74    0.353
     164     :557@C4_:349@HE1       22    0.301     3.75    0.422
     165      :557@H4_:288@CB       22    0.301     3.84    0.435
     166      :557@H1_:15@HB2       22    0.301     3.85    0.394
     167    :557@C14_:290@HE2       22    0.301     3.86    0.459
     168    :557@H34_:349@HD1       22    0.301     3.86    0.571
     169    :557@C21_:345@HG2       22    0.301      3.9    0.246
     170    :557@C14_:349@HB2       22    0.301     3.94    0.294
     171    :557@H35_:290@HE2       22    0.301     3.97    0.304
     172    :557@H35_:349@HB2       22    0.301     4.03    0.233
     173     :557@C15_:349@CA       22    0.301     4.05    0.238
     174    :557@C20_:290@CE1       22    0.301     4.11    0.271
     175     :557@C3_:290@CD2       22    0.301     4.12    0.259
     176    :557@C18_:290@CE1       22    0.301     4.18    0.186
     177     :557@H19_:15@HB2       21    0.288     2.94    0.491
     178     :557@H26_:14@HB3       21    0.288     3.07    0.633
     179     :557@C10_:15@HB2       21    0.288     3.22    0.401
     180     :557@C13_:14@HB3       21    0.288     3.33     0.35
     181       :557@H23_:11@O       21    0.288     3.43    0.664
     182      :557@H23_:15@CB       21    0.288     3.43    0.296
     183      :557@H32_:348@O       21    0.288     3.47    0.407
     184    :557@C22_:345@HG2       21    0.288      3.5     0.37
     185     :557@H44_:345@CG       21    0.288     3.52    0.366
     186     :557@C12_:11@HG2       21    0.288     3.65    0.321
     187      :557@H4_:288@HA       21    0.288     3.78    0.346
     188     :557@C15_:8@HH22       21    0.288      3.8    0.298
     189     :557@H6_:290@CD2       21    0.288     3.83     0.39
     190      :557@H_:290@NE2       21    0.288     3.87    0.545
     191      :557@H38_:345@C       21    0.288     3.87    0.303
     192     :557@H30_:349@CA       21    0.288     3.96    0.311
     193    :557@H30_:349@HB3       21    0.288     4.01    0.287
     194     :557@C17_:349@CB       21    0.288     4.09     0.18
     195    :557@C17_:290@NE2       21    0.288      4.1    0.283
     196     :557@H13_:11@HD3       20    0.274     3.09    0.652
     197     :557@H27_:14@HB3       20    0.274     3.14     0.48
     198    :557@H10_:290@HD2       20    0.274     3.14    0.523
     199     :557@H25_:14@HB3       20    0.274     3.17    0.528
     200     :557@H4_:290@HD2       20    0.274     3.18    0.827
     201     :557@C12_:15@HB2       20    0.274     3.22    0.234
     202    :557@H39_:291@HG3       20    0.274     3.35    0.672
     203     :557@H45_:345@NE       20    0.274     3.46    0.556
     204      :557@H35_:8@NH2       20    0.274     3.46     0.61
     205     :557@H19_:14@HB2       20    0.274     3.47    0.534
     206     :557@H23_:15@HG2       20    0.274     3.49    0.408
     207       :557@H19_:15@H       20    0.274     3.52    0.418
     208     :557@C17_:349@HA       20    0.274     3.57    0.489
     209      :557@H20_:15@CB       20    0.274     3.68    0.288
     210     :557@H9_:290@CD2       20    0.274     3.69    0.374
     211      :557@H32_:8@NH2       20    0.274     3.72    0.542
     212      :557@H34_:348@C       20    0.274     3.73    0.452
     213    :557@H29_:352@HB2       20    0.274     3.74    0.342
     214      :557@C15_:8@NH2       20    0.274     3.84    0.293
     215      :557@H20_:15@CG       20    0.274     3.91    0.373
     216    :557@H30_:290@CE1       20    0.274     3.92    0.355
     217       :557@C10_:11@O       20    0.274     3.92    0.273
     218      :557@C17_:349@N       20    0.274     3.95    0.275
     219      :557@N3_:349@CB       20    0.274     3.96    0.209
     220    :557@H29_:352@HB3       20    0.274     3.97    0.322
     221    :557@C17_:348@OD2       20    0.274     4.01    0.291
     222    :557@C20_:290@HE1       20    0.274     4.04     0.37
     223     :557@N5_:290@HE1       20    0.274     4.06    0.321
     224    :557@H41_:290@CD2       20    0.274      4.1    0.212
     225     :557@H36_:290@CG       20    0.274     4.12    0.221
     226      :557@H41_:345@O       19     0.26     2.91    0.752
     227       :557@H4_:288@O       19     0.26        3    0.527
     228     :557@H9_:288@HB3       19     0.26     3.07    0.393
     229     :557@H9_:290@HB2       19     0.26     3.26    0.485
     230      :557@H2_:15@HE2       19     0.26     3.29    0.567
     231     :557@H26_:14@HB2       19     0.26     3.31     0.61
     232     :557@H9_:349@HE1       19     0.26     3.37    0.538
     233     :557@H35_:8@HH21       19     0.26     3.45    0.606
     234      :557@H13_:11@CD       19     0.26     3.58    0.369
     235      :557@H20_:15@HA       19     0.26      3.6    0.384
     236      :557@H19_:11@HA       19     0.26     3.62    0.409
     237       :557@H19_:15@N       19     0.26     3.63    0.364
     238     :557@C15_:8@HH21       19     0.26     3.71    0.344
     239     :557@H23_:15@HB3       19     0.26     3.72    0.279
     240     :557@H35_:348@CG       19     0.26     3.72    0.438
     241     :557@N3_:290@HE2       19     0.26     3.75    0.765
     242      :557@H19_:15@CB       19     0.26     3.78    0.328
     243     :557@H24_:15@HB2       19     0.26     3.79     0.36
     244     :557@H38_:345@CG       19     0.26     3.84    0.449
     245     :557@C17_:8@HH22       19     0.26     3.84    0.351
     246     :557@N5_:349@HB2       19     0.26     3.85     0.38
     247       :557@H_:349@CB       19     0.26     3.89    0.289
     248    :557@H29_:349@HB2       19     0.26     3.99    0.268
     249    :557@H44_:345@HB3       19     0.26        4    0.237
     250      :557@C17_:349@H       19     0.26     4.03    0.204
     251     :557@H32_:349@CB       19     0.26     4.07    0.336
     252      :557@C10_:15@CB       19     0.26     4.09    0.202
     253     :557@H34_:349@CG       19     0.26     4.12    0.256
     254    :557@H36_:290@HE1       19     0.26     4.13    0.386
     255     :557@H30_:290@CG       19     0.26     4.22    0.175
     256      :557@H41_:345@C       18    0.247     3.34    0.549
     257     :557@H39_:291@CG       18    0.247     3.37    0.466
     258    :557@H32_:352@HB2       18    0.247      3.4    0.488
     259     :557@H9_:349@CE1       18    0.247     3.42    0.468
     260    :557@H48_:491@HE1       18    0.247     3.45    0.592
     261      :557@H24_:11@CB       18    0.247      3.5     0.59
     262    :557@H32_:348@OD2       18    0.247      3.5    0.567
     263      :557@H26_:14@CB       18    0.247     3.53    0.477
     264     :557@H24_:11@HG3       18    0.247     3.54    0.777
     265     :557@H23_:11@HB3       18    0.247     3.62    0.596
     266     :557@N6_:345@HD3       18    0.247     3.64    0.422
     267    :557@C17_:348@HB3       18    0.247     3.66     0.36
     268     :557@H19_:11@HG2       18    0.247     3.73    0.752
     269     :557@H45_:345@CG       18    0.247     3.73    0.476
     270      :557@H13_:11@CG       18    0.247     3.75    0.427
     271    :557@C23_:345@HG2       18    0.247     3.76    0.417
     272    :557@H41_:292@OD1       18    0.247     3.76    0.515
     273     :557@C19_:345@HA       18    0.247     3.79    0.319
     274     :557@H23_:11@HG2       18    0.247      3.8    0.473
     275      :557@H23_:15@CD       18    0.247     3.82    0.393
     276    :557@C20_:291@HD2       18    0.247     3.85    0.362
     277      :557@H6_:290@CA       18    0.247     3.87    0.442
     278      :557@N3_:349@CA       18    0.247      3.9    0.244
     279     :557@H35_:348@CB       18    0.247     3.91    0.435
     280       :557@H32_:8@CZ       18    0.247     3.94    0.399
     281    :557@H10_:290@CD2       18    0.247     3.94    0.344
     282     :557@C4_:349@CE1       18    0.247     3.95    0.295
     283      :557@H19_:15@CA       18    0.247     3.96    0.292
     284    :557@H38_:290@HE1       18    0.247     3.98    0.369
     285     :557@C5_:349@HD1       18    0.247     4.08    0.242
     286      :557@C12_:11@CG       18    0.247     4.13    0.269
     287    :557@H34_:348@OD2       18    0.247     4.14    0.213
     288      :557@C12_:15@CB       18    0.247     4.17    0.162
     289    :557@C16_:290@CD2       18    0.247     4.29     0.12
     290      :557@H4_:15@HE2       17    0.233     3.16    0.642
     291     :557@H44_:345@HA       17    0.233     3.43     0.58
     292     :557@H39_:291@CD       17    0.233     3.54     0.47
     293    :557@H32_:348@HB3       17    0.233     3.62    0.602
     294       :557@C12_:11@O       17    0.233     3.68    0.469
     295       :557@H4_:288@C       17    0.233     3.71    0.282
     296      :557@H19_:15@HA       17    0.233     3.73    0.343
     297      :557@C19_:345@O       17    0.233     3.73    0.286
     298     :557@H9_:349@CD1       17    0.233     3.74    0.374
     299      :557@H13_:11@NE       17    0.233     3.79    0.597
     300     :557@H32_:8@HH12       17    0.233     3.86    0.386
     301     :557@N2_:290@HE2       17    0.233     3.94     0.54
     302      :557@H20_:15@CA       17    0.233     3.96    0.205
     303      :557@H6_:290@CB       17    0.233     4.02    0.302
     304      :557@C15_:349@N       17    0.233     4.04    0.258
     305     :557@N2_:349@HB2       17    0.233     4.05    0.211
     306       :557@H20_:15@N       17    0.233      4.1    0.191
     307      :557@N4_:349@CB       17    0.233     4.18    0.185
     308       :557@N_:15@HB2       17    0.233     4.19    0.175
     309     :557@C19_:345@CB       17    0.233     4.26    0.154
     310    :557@H48_:491@HD1       16    0.219     3.06    0.529
     311    :557@H38_:348@HB3       16    0.219     3.11    0.588
     312     :557@H43_:8@HH22       16    0.219     3.16    0.464
     313    :557@H52_:491@HE1       16    0.219     3.19    0.558
     314       :557@H24_:11@O       16    0.219     3.28    0.537
     315     :557@C12_:11@HB3       16    0.219     3.46    0.494
     316     :557@H45_:345@CD       16    0.219      3.5    0.611
     317     :557@H45_:345@HE       16    0.219      3.5    0.555
     318     :557@C22_:8@HH22       16    0.219     3.57    0.331
     319     :557@H32_:348@CG       16    0.219      3.6    0.426
     320     :557@H43_:8@HH21       16    0.219      3.6    0.671
     321    :557@H48_:491@CD1       16    0.219     3.62    0.309
     322     :557@C24_:8@HH21       16    0.219     3.63    0.434
     323     :557@H32_:8@HH21       16    0.219     3.71    0.558
     324    :557@C26_:491@HE1       16    0.219     3.75    0.431
     325    :557@H48_:491@CE1       16    0.219     3.76    0.333
     326      :557@C2_:15@HE2       16    0.219      3.8    0.458
     327       :557@H31_:8@NE       16    0.219     3.87    0.273
     328    :557@H34_:290@CE1       16    0.219      3.9    0.317
     329     :557@H20_:15@HG2       16    0.219     3.91    0.604
     330      :557@H9_:290@CB       16    0.219     3.96    0.237
     331     :557@H34_:348@CB       16    0.219     4.04    0.282
     332      :557@H8_:288@CG       16    0.219     4.05    0.239
     333       :557@N5_:345@O       16    0.219     4.07    0.168
     334     :557@N2_:290@CD2       16    0.219     4.08    0.287
     335      :557@H35_:349@H       16    0.219     4.15    0.178
     336    :557@H34_:290@CD2       16    0.219     4.16    0.162
     337    :557@H34_:290@HD2       16    0.219     4.22    0.209
     338     :557@H47_:8@HH21       15    0.205     2.98    0.574
     339    :557@H45_:345@HD3       15    0.205     3.03    0.823
     340    :557@H43_:348@OD2       15    0.205     3.07    0.553
     341     :557@H22_:11@HG2       15    0.205     3.19    0.607
     342    :557@H47_:491@HE1       15    0.205     3.29    0.663
     343       :557@N6_:345@O       15    0.205     3.45    0.381
     344    :557@C24_:491@HE1       15    0.205     3.56    0.298
     345    :557@C20_:291@HG2       15    0.205     3.64    0.421
     346      :557@H32_:349@H       15    0.205     3.71    0.405
     347    :557@C20_:291@HG3       15    0.205     3.75    0.351
     348     :557@H48_:8@HH22       15    0.205     3.76    0.495
     349     :557@H19_:14@HB3       15    0.205     3.76     0.48
     350      :557@H9_:349@CZ       15    0.205     3.77    0.436
     351    :557@H34_:290@HE1       15    0.205     3.77    0.394
     352     :557@C22_:8@HH21       15    0.205      3.8    0.382
     353     :557@H13_:11@HD2       15    0.205     3.83    0.508
     354     :557@H7_:291@HD3       15    0.205     3.87    0.437
     355      :557@C24_:8@NH2       15    0.205     3.87     0.27
     356      :557@H35_:345@O       15    0.205     3.91    0.405
     357     :557@H35_:8@HH12       15    0.205     3.91    0.305
     358      :557@H9_:290@HA       15    0.205     3.93    0.332
     359       :557@H1_:15@CG       15    0.205     3.94    0.388
     360      :557@H13_:11@HE       15    0.205     3.97    0.498
     361    :557@C18_:291@HD2       15    0.205     3.97    0.259
     362    :557@H45_:345@HB3       15    0.205     3.98     0.54
     363      :557@C17_:8@NH2       15    0.205        4    0.333
     364      :557@C22_:8@NH2       15    0.205     4.01    0.279
     365     :557@H44_:345@CB       15    0.205     4.02    0.215
     366     :557@H24_:11@HD2       15    0.205     4.13    0.376
     367     :557@C4_:290@CD2       15    0.205     4.17    0.161
     368     :557@C15_:349@CB       15    0.205     4.21    0.177
     369     :557@N3_:290@HD2       15    0.205     4.24   0.0929
     370     :557@H13_:11@HB3       14    0.192     2.79     0.68
     371     :557@H47_:8@HH22       14    0.192     2.96    0.714
     372      :557@H24_:11@HA       14    0.192     3.13    0.667
     373      :557@H47_:8@NH2       14    0.192     3.16    0.539
     374    :557@H38_:345@HD3       14    0.192     3.31    0.553
     375     :557@C24_:8@HH22       14    0.192      3.5    0.265
     376       :557@H24_:11@C       14    0.192     3.54    0.439
     377      :557@H43_:8@NH2       14    0.192     3.61    0.461
     378      :557@C1_:15@HE2       14    0.192     3.66    0.434
     379     :557@H33_:8@HH21       14    0.192     3.69    0.448
     380       :557@H23_:11@C       14    0.192     3.73    0.426
     381       :557@H4_:15@CE       14    0.192     3.76    0.437
     382       :557@H2_:15@CE       14    0.192     3.77    0.384
     383    :557@H51_:345@HG2       14    0.192     3.77    0.416
     384       :557@H6_:290@N       14    0.192     3.78    0.492
     385     :557@C22_:345@HA       14    0.192     3.79    0.422
     386     :557@H6_:291@HD3       14    0.192     3.82    0.433
     387     :557@H9_:349@HD1       14    0.192     3.82    0.359
     388     :557@C17_:8@HH21       14    0.192     3.85    0.348
     389     :557@H8_:349@HD1       14    0.192     3.89    0.343
     390      :557@H19_:14@CB       14    0.192     3.91    0.381
     391      :557@H32_:8@NH1       14    0.192     3.91    0.266
     392     :557@H8_:349@CD1       14    0.192     3.92    0.385
     393     :557@C10_:11@HG2       14    0.192     3.94    0.463
     394       :557@H19_:14@C       14    0.192     3.95    0.353
     395      :557@C17_:345@O       14    0.192     3.95    0.335
     396     :557@H5_:291@HD2       14    0.192     3.98    0.341
     397     :557@H35_:345@HA       14    0.192     4.01    0.325
     398      :557@H31_:8@NH1       14    0.192     4.06     0.29
     399       :557@H20_:15@H       14    0.192     4.08    0.204
     400      :557@H9_:290@CG       14    0.192     4.11    0.184
     401       :557@C15_:8@CZ       14    0.192     4.14    0.176
     402       :557@H1_:15@CB       14    0.192     4.22    0.233
     403      :557@H6_:290@CG       14    0.192     4.23    0.221
     404      :557@H24_:11@CA       13    0.178     3.38    0.451
     405      :557@H13_:11@CB       13    0.178     3.49    0.401
     406    :557@H46_:345@HD3       13    0.178     3.55    0.569
     407    :557@H40_:291@HG3       13    0.178     3.61    0.496
     408       :557@H1_:15@CD       13    0.178     3.66    0.447
     409    :557@H39_:291@HD3       13    0.178     3.67    0.369
     410    :557@H31_:348@OD2       13    0.178      3.7    0.464
     411     :557@H49_:345@CZ       13    0.178     3.74    0.451
     412    :557@C19_:345@HD3       13    0.178     3.79    0.351
     413    :557@C15_:348@OD2       13    0.178     3.79    0.273
     414       :557@H23_:15@H       13    0.178     3.79    0.453
     415     :557@H51_:345@NE       13    0.178      3.8    0.462
     416      :557@H4_:15@HD3       13    0.178     3.85    0.472
     417       :557@H2_:15@CD       13    0.178     3.88    0.412
     418    :557@C15_:290@HE2       13    0.178      3.9    0.403
     419    :557@H40_:291@HG2       13    0.178     3.92     0.53
     420       :557@H35_:8@CZ       13    0.178     3.93    0.369
     421    :557@C15_:348@HB3       13    0.178     3.98     0.36
     422    :557@H44_:348@OD2       13    0.178     3.99     0.54
     423     :557@H44_:345@CA       13    0.178     4.01    0.223
     424     :557@C20_:291@CG       13    0.178     4.02    0.268
     425    :557@H41_:290@ND1       13    0.178     4.04    0.272
     426      :557@C10_:15@HA       13    0.178     4.05    0.238
     427    :557@H30_:349@CE1       13    0.178     4.06    0.273
     428      :557@C7_:11@HG2       13    0.178     4.07    0.345
     429    :557@C19_:290@HE1       13    0.178     4.08    0.342
     430     :557@C23_:345@CD       13    0.178     4.13    0.266
     431     :557@C4_:349@HD1       13    0.178     4.13    0.208
     432     :557@H6_:291@HD2       13    0.178     4.17    0.268
     433      :557@H23_:12@HA       13    0.178      4.2    0.259
     434     :557@N5_:345@HB3       13    0.178     4.21    0.195
     435      :557@H23_:15@CA       13    0.178     4.25    0.269
     436      :557@H1_:11@HB3       12    0.164     3.31    0.431
     437      :557@C7_:11@HB3       12    0.164     3.36     0.29
     438    :557@C23_:345@HD3       12    0.164     3.47     0.38
     439     :557@H12_:11@HB3       12    0.164     3.51    0.683
     440     :557@H48_:8@HH21       12    0.164     3.55    0.712
     441     :557@H22_:11@HD3       12    0.164     3.59    0.528
     442    :557@H41_:291@HG2       12    0.164     3.67    0.547
     443       :557@C_:11@HB3       12    0.164     3.69    0.338
     444    :557@H41_:291@HD2       12    0.164     3.74    0.399
     445     :557@H32_:348@CB       12    0.164     3.74    0.325
     446      :557@H22_:11@CG       12    0.164     3.75    0.495
     447     :557@C21_:8@HH21       12    0.164     3.81    0.386
     448       :557@H25_:14@C       12    0.164     3.82    0.412
     449       :557@H25_:14@O       12    0.164     3.84    0.404
     450     :557@C11_:11@HG2       12    0.164     3.89    0.419
     451       :557@H26_:14@C       12    0.164     3.89    0.387
     452     :557@C23_:345@NE       12    0.164     3.91    0.288
     453       :557@H1_:12@HA       12    0.164     3.96    0.399
     454     :557@H31_:8@HH12       12    0.164     4.01    0.319
     455    :557@H45_:345@HD2       12    0.164     4.02    0.231
     456       :557@N_:11@HG2       12    0.164     4.04    0.304
     457       :557@C10_:15@H       12    0.164     4.05    0.222
     458    :557@C21_:345@HD3       12    0.164     4.07    0.253
     459     :557@C10_:14@HB2       12    0.164      4.1    0.299
     460      :557@H33_:8@NH2       12    0.164      4.1     0.17
     461     :557@H34_:345@HA       12    0.164     4.13    0.281
     462     :557@C15_:348@CG       12    0.164     4.15    0.209
     463     :557@H34_:348@CG       12    0.164     4.17    0.184
     464     :557@C4_:349@CD1       12    0.164     4.17    0.173
     465    :557@C24_:345@HG2       12    0.164     4.22    0.157
     466    :557@C18_:290@HE1       12    0.164     4.23    0.327
     467    :557@H38_:290@CE1       12    0.164     4.24     0.22
     468    :557@C21_:290@HE2       12    0.164     4.39   0.0779
     469     :557@H51_:345@HE       11    0.151     3.37    0.521
     470      :557@H4_:15@HE3       11    0.151     3.63    0.389
     471      :557@H25_:15@HA       11    0.151     3.68    0.429
     472       :557@N_:11@HB3       11    0.151     3.73     0.32
     473      :557@C12_:11@HA       11    0.151     3.73     0.34
     474     :557@H22_:11@HB3       11    0.151     3.77    0.573
     475      :557@H48_:8@NH2       11    0.151     3.79    0.513
     476    :557@H32_:348@OD1       11    0.151     3.83    0.303
     477     :557@H13_:11@HB2       11    0.151     3.83    0.371
     478     :557@H20_:15@HE2       11    0.151     3.84     0.75
     479      :557@H23_:11@HA       11    0.151     3.87     0.37
     480     :557@H23_:15@HD2       11    0.151     3.88    0.583
     481       :557@H26_:14@O       11    0.151      3.9    0.516
     482     :557@N6_:291@HG2       11    0.151     3.91     0.39
     483       :557@H25_:15@N       11    0.151     3.92    0.382
     484       :557@H4_:15@CD       11    0.151     3.96    0.393
     485      :557@H34_:345@C       11    0.151     3.97    0.253
     486       :557@C12_:11@C       11    0.151     3.97    0.213
     487     :557@N6_:292@OD1       11    0.151     4.05    0.311
     488     :557@H33_:8@HH22       11    0.151     4.08    0.233
     489     :557@H14_:11@HB3       11    0.151     4.09    0.171
     490    :557@H30_:290@HE1       11    0.151     4.11     0.32
     491      :557@N1_:11@HG2       11    0.151     4.11    0.283
     492    :557@H10_:290@HE2       11    0.151     4.13    0.213
     493       :557@H4_:15@CG       11    0.151     4.14    0.358
     494     :557@H34_:8@HH22       11    0.151     4.16      0.2
     495    :557@C14_:290@NE2       11    0.151     4.17    0.314
     496     :557@H36_:291@CD       11    0.151     4.18     0.23
     497    :557@H40_:291@HD2       11    0.151     4.24    0.167
     498      :557@H9_:349@CG       11    0.151     4.24    0.159
     499      :557@C19_:345@C       11    0.151     4.37   0.0857
     500    :557@C14_:290@CD2       11    0.151     4.38    0.114
     501   :557@H49_:345@HH21       10    0.137     3.51    0.588
     502      :557@H1_:15@HD2       10    0.137     3.52    0.516
     503    :557@H26_:14@HD12       10    0.137     3.52    0.516
     504     :557@H6_:288@HD2       10    0.137     3.59    0.583
     505     :557@H11_:11@HB3       10    0.137     3.61     0.43
     506       :557@H2_:15@CG       10    0.137     3.64    0.382
     507        :557@H1_:11@O       10    0.137     3.72    0.436
     508      :557@C6_:11@HB3       10    0.137     3.74     0.34
     509      :557@H2_:15@HB2       10    0.137     3.75    0.419
     510     :557@H44_:8@HH22       10    0.137      3.8    0.685
     511    :557@H46_:345@HG2       10    0.137     3.87    0.603
     512    :557@H51_:491@HE1       10    0.137     3.89    0.446
     513     :557@H49_:345@NE       10    0.137     3.91    0.342
     514      :557@H2_:15@HE3       10    0.137     3.93    0.325
     515     :557@C23_:345@HE       10    0.137     3.96    0.181
     516        :557@H1_:11@C       10    0.137     3.99    0.277
     517      :557@H23_:11@CA       10    0.137        4    0.256
     518      :557@H31_:8@HB3       10    0.137     4.01    0.324
     519     :557@H46_:345@CD       10    0.137     4.02    0.466
     520      :557@C12_:11@CA       10    0.137     4.06    0.218
     521    :557@H45_:345@HG3       10    0.137     4.11    0.226
     522    :557@H38_:345@HB2       10    0.137     4.14    0.164
     523       :557@C10_:15@N       10    0.137     4.17    0.208
     524     :557@H31_:348@CG       10    0.137     4.17    0.306
     525     :557@C26_:8@HH21       10    0.137     4.19    0.199
     526     :557@C20_:291@CD       10    0.137     4.23    0.192
     527    :557@H35_:348@OD1       10    0.137     4.24    0.245
     528      :557@C12_:15@CG       10    0.137     4.26    0.188
     529    :557@H36_:290@ND1       10    0.137     4.32    0.141
     530     :557@H8_:288@HD2        9    0.123     2.62    0.698
     531     :557@H9_:288@HD2        9    0.123     3.18    0.576
     532      :557@H22_:11@CD        9    0.123     3.71    0.282
     533     :557@H49_:345@HE        9    0.123     3.86    0.443
     534     :557@C26_:345@HE        9    0.123     4.02    0.227
     535      :557@H1_:15@HB3        9    0.123     4.04    0.269
     536       :557@H23_:15@N        9    0.123     4.06    0.377
     537     :557@N6_:291@HD2        9    0.123      4.1    0.302
     538     :557@C23_:345@CG        9    0.123     4.18    0.215
     539       :557@C12_:15@H        9    0.123     4.18    0.253
     540       :557@C7_:11@CB        9    0.123     4.19    0.136
     541     :557@C25_:345@NE        9    0.123     4.22     0.14
     542    :557@H36_:291@HD3        9    0.123     4.22    0.214
     543    :557@C19_:290@CE1        9    0.123     4.23    0.184
     544      :557@H13_:11@CA        9    0.123     4.25    0.105
     545      :557@C10_:15@CA        9    0.123     4.31    0.136
     546      :557@C8_:14@HB3        9    0.123     4.35    0.107
     547     :557@H4_:288@HD2        8     0.11     2.93    0.503
     548     :557@C4_:288@HD2        8     0.11     3.08    0.302
     549     :557@H8_:288@CD2        8     0.11     3.21    0.236
     550     :557@C2_:288@HD2        8     0.11     3.46    0.411
     551     :557@H23_:15@HG3        8     0.11     3.51    0.873
     552     :557@H4_:288@CD2        8     0.11     3.66    0.442
     553     :557@C3_:288@HD2        8     0.11     3.69    0.336
     554     :557@H29_:12@HB2        8     0.11     3.89    0.341
     555     :557@H22_:11@HG3        8     0.11     3.96    0.693
     556     :557@H12_:11@HB2        8     0.11     4.03    0.324
     557     :557@H41_:291@CG        8     0.11     4.06    0.269
     558     :557@C17_:348@CG        8     0.11      4.1     0.32
     559       :557@C7_:11@CD        8     0.11     4.15    0.231
     560     :557@C25_:345@HE        8     0.11     4.15    0.235
     561       :557@H24_:15@H        8     0.11     4.17    0.273
     562       :557@C13_:14@O        8     0.11     4.17    0.283
     563      :557@H23_:15@HA        8     0.11      4.2    0.286
     564      :557@C10_:15@CG        8     0.11     4.25    0.176
     565     :557@H36_:290@HA        8     0.11     4.25    0.181
     566     :557@N4_:290@CE1        8     0.11     4.29    0.144
     567     :557@C16_:8@HH22        8     0.11      4.3     0.12
     568     :557@H32_:8@HH11        8     0.11     4.36    0.127
     569      :557@H1_:15@HG3        7   0.0959     3.51    0.764
     570     :557@H8_:288@HE2        7   0.0959     3.51    0.625
     571      :557@H4_:15@HD2        7   0.0959     3.53    0.569
     572   :557@H51_:494@HD11        7   0.0959     3.68    0.504
     573     :557@H8_:288@CE2        7   0.0959      3.7    0.373
     574      :557@H2_:15@HG3        7   0.0959     3.79    0.457
     575     :557@H9_:288@CD2        7   0.0959     3.83    0.341
     576       :557@H8_:15@CD        7   0.0959     3.86    0.409
     577      :557@H2_:15@HD2        7   0.0959     3.86    0.754
     578     :557@C4_:288@CD2        7   0.0959     3.91    0.206
     579     :557@H1_:288@HD2        7   0.0959     4.02    0.282
     580       :557@H2_:15@CB        7   0.0959     4.03    0.379
     581       :557@C_:15@HD2        7   0.0959     4.04    0.332
     582    :557@H41_:291@HG3        7   0.0959     4.05    0.239
     583     :557@C11_:11@HD3        7   0.0959     4.06    0.216
     584     :557@C17_:348@CB        7   0.0959     4.08    0.241
     585    :557@H46_:345@HB3        7   0.0959     4.11    0.203
     586     :557@C15_:8@HH12        7   0.0959     4.12    0.205
     587    :557@H28_:290@HE2        7   0.0959     4.16    0.236
     588     :557@H51_:345@CD        7   0.0959     4.17    0.285
     589    :557@C21_:345@HB3        7   0.0959     4.18    0.157
     590     :557@H12_:11@HD2        7   0.0959     4.18    0.148
     591      :557@H19_:14@CA        7   0.0959     4.18    0.272
     592     :557@H11_:11@HD2        7   0.0959     4.21    0.273
     593      :557@H13_:11@HA        7   0.0959     4.23    0.199
     594      :557@H32_:8@HB3        7   0.0959     4.25    0.189
     595     :557@H41_:291@CD        7   0.0959     4.25    0.263
     596       :557@H24_:12@N        7   0.0959     4.29    0.145
     597    :557@H41_:292@HB2        7   0.0959     4.29    0.159
     598       :557@H23_:12@N        7   0.0959      4.3    0.171
     599      :557@C15_:8@NH1        7   0.0959     4.31    0.157
     600       :557@C7_:11@CG        7   0.0959     4.34    0.186
     601     :557@H9_:290@NE2        7   0.0959     4.35    0.146
     602      :557@O_:220@HZ3        6   0.0822     3.13    0.808
     603      :557@H8_:15@HD2        6   0.0822     3.26    0.693
     604     :557@H20_:15@HG3        6   0.0822     3.36    0.681
     605     :557@H22_:11@HD2        6   0.0822     3.82    0.581
     606   :557@H44_:494@HD22        6   0.0822     3.82    0.514
     607      :557@H12_:11@CB        6   0.0822     3.83    0.351
     608    :557@H44_:491@HD1        6   0.0822     3.85    0.348
     609     :557@H45_:345@CB        6   0.0822     3.88    0.354
     610       :557@H8_:12@HA        6   0.0822     3.96    0.439
     611     :557@H2_:288@HD2        6   0.0822     3.96    0.623
     612      :557@H4_:15@HG3        6   0.0822     4.02    0.669
     613     :557@H24_:14@HB2        6   0.0822     4.03    0.454
     614    :557@C25_:345@HD3        6   0.0822     4.08    0.242
     615    :557@C26_:345@HG2        6   0.0822     4.09    0.297
     616     :557@N6_:291@HG3        6   0.0822      4.1    0.238
     617     :557@H21_:11@HG2        6   0.0822     4.14    0.284
     618     :557@C1_:288@HD2        6   0.0822     4.16    0.427
     619       :557@H19_:14@O        6   0.0822     4.17    0.305
     620     :557@H21_:11@HD3        6   0.0822     4.22    0.275
     621    :557@H31_:349@HB2        6   0.0822     4.23    0.128
     622      :557@H11_:11@HE        6   0.0822     4.23    0.163
     623     :557@H20_:14@HB2        6   0.0822     4.24     0.24
     624        :557@H1_:12@N        6   0.0822     4.28    0.231
     625       :557@C1_:15@CD        6   0.0822     4.34    0.164
     626    :557@C22_:345@HB3        6   0.0822     4.39    0.125
     627   :557@H44_:494@HD23        5   0.0685     3.41    0.507
     628     :557@H29_:12@HB3        5   0.0685     3.45    0.432
     629     :557@H44_:8@HH21        5   0.0685      3.5    0.359
     630     :557@C12_:15@HG3        5   0.0685     3.63    0.441
     631    :557@H44_:494@CD2        5   0.0685     3.74    0.447
     632    :557@H49_:345@HD3        5   0.0685     3.79    0.319
     633    :557@H51_:345@HD3        5   0.0685     3.85    0.408
     634      :557@C4_:15@HD2        5   0.0685     3.87    0.327
     635     :557@H6_:290@HE2        5   0.0685      3.9    0.643
     636      :557@C2_:15@HD2        5   0.0685     3.96    0.472
     637     :557@H45_:345@HA        5   0.0685     3.98    0.293
     638    :557@C23_:345@HB3        5   0.0685     4.03    0.308
     639      :557@H12_:12@HA        5   0.0685     4.04    0.524
     640      :557@H4_:15@HB2        5   0.0685     4.05    0.435
     641      :557@C2_:15@HE3        5   0.0685     4.07     0.35
     642     :557@H6_:290@NE2        5   0.0685     4.08    0.467
     643     :557@C2_:288@CD2        5   0.0685     4.08    0.216
     644       :557@C_:15@HB2        5   0.0685     4.09    0.239
     645      :557@H29_:8@HB3        5   0.0685     4.09     0.34
     646    :557@C25_:345@HG2        5   0.0685      4.1    0.186
     647      :557@H11_:11@CB        5   0.0685      4.1    0.246
     648    :557@H49_:345@HG2        5   0.0685     4.16    0.191
     649       :557@H47_:8@HE        5   0.0685     4.18    0.094
     650      :557@H29_:12@CB        5   0.0685     4.19    0.217
     651      :557@C1_:15@HB2        5   0.0685     4.21    0.199
     652      :557@H6_:291@CD        5   0.0685     4.22    0.347
     653      :557@N6_:291@CG        5   0.0685     4.27    0.267
     654     :557@H41_:290@CG        5   0.0685     4.38   0.0758
     655   :557@H51_:494@HD21        4   0.0548     3.34    0.301
     656   :557@H44_:494@HD21        4   0.0548     3.39    0.473
     657      :557@H44_:8@NH2        4   0.0548     3.48    0.222
     658   :557@H51_:494@HD23        4   0.0548     3.52    0.521
     659     :557@C10_:15@HG3        4   0.0548      3.6    0.243
     660       :557@C_:15@HG3        4   0.0548     3.73    0.264
     661   :557@H48_:494@HD22        4   0.0548     3.74    0.859
     662   :557@H51_:494@HD22        4   0.0548     3.77    0.823
     663     :557@H1_:288@HE2        4   0.0548     3.77     0.41
     664     :557@H29_:12@HB1        4   0.0548     3.85    0.474
     665       :557@N_:15@HG3        4   0.0548     3.86    0.465
     666     :557@H19_:15@HG3        4   0.0548     3.89    0.127
     667   :557@H48_:494@HD21        4   0.0548     3.89    0.308
     668     :557@H4_:288@HE2        4   0.0548     3.98    0.284
     669    :557@H18_:220@HZ3        4   0.0548     4.04    0.321
     670      :557@H8_:15@HB2        4   0.0548     4.07    0.257
     671     :557@C10_:14@HB3        4   0.0548     4.08    0.295
     672     :557@H51_:345@CG        4   0.0548     4.13    0.247
     673     :557@H9_:290@HE2        4   0.0548     4.16     0.16
     674       :557@H43_:8@CZ        4   0.0548      4.2    0.142
     675      :557@H8_:15@HB3        4   0.0548      4.2    0.149
     676     :557@H49_:345@CD        4   0.0548      4.2    0.194
     677    :557@H26_:14@HD21        4   0.0548     4.21    0.159
     678     :557@N1_:220@HZ3        4   0.0548     4.22   0.0648
     679     :557@H9_:288@HE2        4   0.0548     4.25    0.166
     680     :557@C12_:11@HD2        4   0.0548     4.26    0.129
     681    :557@C20_:291@HD3        4   0.0548     4.27    0.177
     682       :557@C2_:15@CD        4   0.0548     4.29    0.168
     683       :557@H13_:11@C        4   0.0548     4.29    0.127
     684      :557@N1_:14@HB2        4   0.0548     4.29    0.183
     685     :557@H20_:14@HB3        4   0.0548     4.31    0.115
     686      :557@H44_:345@O        4   0.0548     4.31   0.0454
     687    :557@C17_:349@HB3        4   0.0548     4.35   0.0978
     688      :557@C15_:8@HB3        4   0.0548     4.38   0.0667
     689      :557@H41_:292@H        4   0.0548     4.38    0.145
     690    :557@H33_:290@NE2        4   0.0548     4.44   0.0385
     691    :557@H51_:494@CD2        3   0.0411     3.53    0.234
     692   :557@H48_:494@HD23        3   0.0411     3.58    0.532
     693      :557@C7_:11@HD2        3   0.0411     3.69     0.54
     694      :557@C1_:15@HD2        3   0.0411      3.7    0.514
     695    :557@H48_:494@CD2        3   0.0411     3.81    0.477
     696     :557@C4_:288@HE2        3   0.0411     3.86   0.0775
     697     :557@H23_:14@HB2        3   0.0411     3.95    0.206
     698     :557@H24_:15@HG3        3   0.0411        4    0.455
     699   :557@C26_:494@HD21        3   0.0411     4.05     0.15
     700   :557@C22_:494@HD22        3   0.0411     4.06     0.52
     701     :557@C12_:14@HB2        3   0.0411     4.06    0.353
     702     :557@H12_:15@HB2        3   0.0411     4.09    0.465
     703       :557@H48_:8@HE        3   0.0411     4.11      0.2
     704      :557@H9_:15@HD2        3   0.0411     4.16    0.302
     705   :557@C24_:494@HD21        3   0.0411     4.17    0.145
     706      :557@C7_:15@HG3        3   0.0411     4.17    0.251
     707         :557@C_:11@O        3   0.0411     4.18    0.215
     708       :557@H48_:8@CZ        3   0.0411     4.24   0.0847
     709     :557@H31_:8@HH11        3   0.0411     4.25    0.196
     710     :557@C4_:288@CE2        3   0.0411     4.25    0.154
     711    :557@C15_:348@OD1        3   0.0411     4.26    0.154
     712    :557@C16_:290@CE1        3   0.0411     4.34   0.0933
     713      :557@C11_:11@CD        3   0.0411     4.35    0.117
     714      :557@C6_:11@HD2        3   0.0411     4.35   0.0968
     715      :557@H8_:12@HB3        3   0.0411     4.36   0.0471
     716    :557@H44_:491@HE1        3   0.0411      4.4   0.0202
     717     :557@H45_:345@CA        3   0.0411     4.41   0.0779
     718       :557@C6_:11@CB        3   0.0411     4.42   0.0637
     719       :557@H8_:15@CB        3   0.0411     4.43   0.0459
     720     :557@N5_:291@HD2        3   0.0411     4.43   0.0473
     721     :557@H14_:11@HD2        2   0.0274     2.93    0.581
     722      :557@H7_:15@HE3        2   0.0274     3.35     0.86
     723   :557@H45_:494@HD22        2   0.0274     3.46    0.746
     724   :557@H48_:495@HE22        2   0.0274     3.57    0.896
     725   :557@C24_:494@HD22        2   0.0274     3.59    0.457
     726      :557@N3_:12@HB3        2   0.0274     3.73    0.132
     727     :557@H25_:18@OE1        2   0.0274     3.75     0.67
     728      :557@C1_:15@HG3        2   0.0274     3.76    0.307
     729       :557@H12_:11@C        2   0.0274     3.77     0.39
     730   :557@C26_:494@HD22        2   0.0274     3.82    0.412
     731   :557@H52_:495@HE21        2   0.0274     3.86     0.49
     732       :557@H12_:11@O        2   0.0274      3.9    0.285
     733    :557@H19_:14@HD12        2   0.0274     3.94    0.402
     734       :557@H13_:11@O        2   0.0274     3.99   0.0706
     735       :557@H1_:12@CA        2   0.0274     4.02   0.0116
     736       :557@N_:11@HD2        2   0.0274     4.09    0.251
     737     :557@H52_:345@HE        2   0.0274     4.09   0.0597
     738      :557@H8_:12@HB2        2   0.0274     4.09    0.242
     739    :557@H45_:345@HB2        2   0.0274     4.09  0.00353
     740    :557@C26_:345@HD3        2   0.0274     4.12    0.103
     741        :557@C_:12@HA        2   0.0274     4.16    0.165
     742       :557@C12_:15@N        2   0.0274     4.21    0.288
     743         :557@N_:11@O        2   0.0274     4.22    0.055
     744       :557@C10_:14@C        2   0.0274     4.25    0.228
     745       :557@H24_:15@N        2   0.0274     4.26   0.0204
     746       :557@C_:11@HD2        2   0.0274     4.27   0.0461
     747       :557@H20_:14@C        2   0.0274      4.3    0.189
     748    :557@C26_:494@CD2        2   0.0274      4.3    0.138
     749    :557@H22_:220@HZ3        2   0.0274     4.32    0.167
     750    :557@C16_:290@HE1        2   0.0274     4.35    0.149
     751      :557@C7_:15@HB2        2   0.0274     4.39   0.0789
     752     :557@C25_:345@CD        2   0.0274      4.4   0.0221
     753       :557@H31_:8@CB        2   0.0274     4.42   0.0693
     754     :557@C23_:345@CB        2   0.0274     4.43   0.0628
     755     :557@C9_:220@HZ3        2   0.0274     4.45   0.0105
     756      :557@C16_:345@O        2   0.0274     4.48   0.0151
     757      :557@H25_:18@CD        1   0.0137     3.01        0
     758     :557@H25_:18@OE2        1   0.0137     3.14        0
     759      :557@N2_:12@HB3        1   0.0137      3.3 4.21e-08
     760       :557@H12_:12@N        1   0.0137     3.33        0
     761     :557@H27_:18@OE1        1   0.0137     3.42 4.21e-08
     762     :557@C11_:11@HD2        1   0.0137      3.5 4.21e-08
     763       :557@H_:12@HB3        1   0.0137     3.54 4.21e-08
     764   :557@H52_:494@HD22        1   0.0137     3.67 4.21e-08
     765      :557@H12_:12@CA        1   0.0137     3.67 4.21e-08
     766     :557@H21_:11@HD2        1   0.0137     3.69        0
     767     :557@H12_:12@HB3        1   0.0137      3.7 4.21e-08
     768     :557@H25_:18@HG3        1   0.0137     3.76        0
     769      :557@H25_:18@CG        1   0.0137     3.77 4.21e-08
     770     :557@C13_:18@OE1        1   0.0137     3.77        0
     771       :557@H12_:12@H        1   0.0137     3.78 4.21e-08
     772       :557@C6_:12@HA        1   0.0137     3.78 4.21e-08
     773       :557@N2_:12@HA        1   0.0137     3.79 4.21e-08
     774     :557@H20_:18@OE2        1   0.0137     3.81 4.21e-08
     775        :557@H29_:8@O        1   0.0137     3.91        0
     776      :557@H27_:18@CD        1   0.0137     3.93 4.21e-08
     777      :557@C13_:18@CD        1   0.0137     3.96        0
     778       :557@C5_:12@HA        1   0.0137     3.98        0
     779       :557@C4_:12@HA        1   0.0137     3.98        0
     780     :557@H25_:18@HG2        1   0.0137     3.98 4.21e-08
     781     :557@H15_:18@OE2        1   0.0137     4.02        0
     782   :557@H52_:494@HD21        1   0.0137     4.04        0
     783       :557@H23_:14@C        1   0.0137     4.06        0
     784     :557@C14_:12@HB3        1   0.0137     4.06        0
     785        :557@H_:12@HA        1   0.0137     4.07        0
     786      :557@H24_:14@CB        1   0.0137     4.07        0
     787      :557@C10_:14@CB        1   0.0137     4.08 5.96e-08
     788      :557@N1_:14@HB3        1   0.0137      4.1        0
     789       :557@H_:12@HB2        1   0.0137     4.11 5.96e-08
     790     :557@H15_:18@OE1        1   0.0137     4.11        0
     791      :557@H12_:11@CA        1   0.0137     4.12        0
     792     :557@H24_:14@HB3        1   0.0137     4.12        0
     793     :557@C13_:18@OE2        1   0.0137     4.13        0
     794       :557@N2_:12@CB        1   0.0137     4.14 5.96e-08
     795      :557@C12_:15@HA        1   0.0137     4.21        0
     796        :557@C7_:11@O        1   0.0137     4.22 5.96e-08
     797      :557@N2_:12@HB2        1   0.0137     4.23        0
     798       :557@H8_:12@CA        1   0.0137     4.23        0
     799      :557@H12_:12@CB        1   0.0137     4.23        0
     800       :557@H43_:8@HE        1   0.0137     4.25        0
     801    :557@H51_:345@HG3        1   0.0137     4.26        0
     802        :557@H_:12@CB        1   0.0137     4.28 5.96e-08
     803      :557@C12_:15@CA        1   0.0137      4.3        0
     804      :557@C5_:12@HB3        1   0.0137      4.3        0
     805        :557@H1_:15@H        1   0.0137     4.32        0
     806     :557@C12_:14@HB3        1   0.0137     4.34        0
     807     :557@H27_:18@OE2        1   0.0137     4.34 5.96e-08
     808       :557@H23_:12@O        1   0.0137     4.36        0
     809      :557@H15_:18@CD        1   0.0137     4.36        0
     810       :557@H20_:14@O        1   0.0137     4.37        0
     811    :557@H52_:494@CD2        1   0.0137     4.38 5.96e-08
     812     :557@H28_:12@HB3        1   0.0137     4.39        0
     813        :557@C6_:11@C        1   0.0137     4.39        0
     814        :557@C6_:12@N        1   0.0137     4.41        0
     815    :557@H52_:345@HG2        1   0.0137     4.41        0
     816      :557@H7_:15@HD2        1   0.0137     4.44        0
     817     :557@H51_:494@CG        1   0.0137     4.44        0
     818      :557@C12_:14@CB        1   0.0137     4.45        0
     819        :557@C6_:11@O        1   0.0137     4.45        0
     820   :557@H49_:494@HD22        1   0.0137     4.46        0
     821         :557@C_:11@C        1   0.0137     4.47        0
     822      :557@H19_:14@HA        1   0.0137     4.47        0
     823       :557@H48_:8@NE        1   0.0137     4.47        0
     824       :557@C10_:14@O        1   0.0137     4.47        0
     825       :557@N2_:12@CA        1   0.0137     4.47 5.96e-08
     826      :557@H20_:18@CD        1   0.0137     4.49        0
     827   :557@C25_:494@HD22        1   0.0137     4.49        0
     828      :557@H23_:14@CB        1   0.0137     4.49 5.96e-08
     829      :557@H28_:8@HB3        1   0.0137     4.49        0
     830    :557@H43_:491@HE1        1   0.0137     4.49        0
     831       :557@C12_:14@C        1   0.0137     4.49 5.96e-08
