#Residue RMSF_Angstrom
0 6.752146
1 5.171800
2 2.515823
3 2.280252
4 1.883862
5 1.741031
6 1.575782
7 1.394376
8 1.475096
9 1.378018
10 1.263914
11 1.252704
12 1.249368
13 1.166172
14 1.223137
15 1.281178
16 1.193992
17 1.075749
18 0.965122
19 0.707274
20 0.683587
21 0.660925
22 0.864409
23 1.153108
24 1.264503
25 0.938939
26 1.130168
27 1.483272
28 1.248919
29 1.072589
30 1.080194
31 1.450607
32 1.348277
33 1.094131
34 1.184919
35 1.058608
36 1.105167
37 1.028163
38 0.865338
39 0.875950
40 0.965594
41 0.823250
42 0.712506
43 0.853382
44 0.906617
45 0.780720
46 0.840745
47 0.984435
48 1.011981
49 1.019877
50 1.178482
51 1.284878
52 1.265960
53 1.304371
54 1.149403
55 1.167538
56 1.063085
57 0.949257
58 0.844582
59 0.752287
60 0.695213
61 0.665635
62 0.592751
63 0.502651
64 0.474148
65 0.455419
66 0.498842
67 0.525568
68 0.489739
69 0.557144
70 0.655682
71 0.681478
72 0.749635
73 0.785528
74 0.919032
75 0.913298
76 1.106345
77 1.081282
78 1.104965
79 0.972731
80 0.868339
81 0.909746
82 0.938343
83 0.759453
84 0.709937
85 0.850562
86 0.792569
87 0.653230
88 0.796011
89 0.952106
90 0.821505
91 0.786280
92 0.998595
93 1.123482
94 1.075727
95 1.354757
96 1.566041
97 1.803813
98 1.654983
99 1.296067
100 1.204430
101 1.318937
102 1.268482
103 1.354226
104 1.307898
105 1.119876
106 1.200720
107 1.293204
108 1.141616
109 1.132835
110 1.328184
111 1.426650
112 1.370609
113 1.323284
114 1.472540
115 1.308426
116 1.282498
117 1.123886
118 1.032524
119 1.077392
120 1.022890
121 0.853712
122 0.834138
123 0.951701
124 0.796587
125 0.631789
126 0.641248
127 0.641696
128 0.553320
129 0.497554
130 0.632710
131 0.784011
132 0.779226
133 0.748113
134 0.879302
135 0.848920
136 1.173668
137 1.165282
138 0.984766
139 1.178674
140 1.319261
141 1.145920
142 1.160310
143 1.375511
144 1.441169
145 1.384730
146 1.547480
147 1.778540
148 1.783421
149 1.760789
150 2.068786
151 2.027085
152 2.262336
153 2.204313
154 2.325168
155 2.115940
156 1.883398
157 1.918429
158 1.832589
159 1.574706
160 1.441454
161 1.449902
162 1.353825
163 1.146765
164 1.091618
165 1.095692
166 1.009720
167 0.875015
168 0.873061
169 0.943673
170 0.892950
171 0.724896
172 0.771407
173 0.928615
174 0.874135
175 0.981795
176 0.830572
177 0.730757
178 1.064740
179 0.949833
180 1.030300
181 0.950217
182 1.072797
183 1.040423
184 0.894562
185 0.985881
186 1.117750
187 1.088024
188 1.069950
189 1.199931
190 1.290002
191 1.309362
192 1.414904
193 1.715699
194 2.212700
195 2.289152
196 2.633728
197 3.252105
198 3.719275
199 4.072718
200 4.020422
201 3.517732
202 3.532588
203 3.034282
204 3.798760
205 3.094850
206 2.775613
207 2.337436
208 2.573966
209 2.455355
210 1.820099
211 1.642117
212 1.839022
213 1.783921
214 1.332119
215 1.416113
216 1.601230
217 1.551319
218 1.477882
219 1.677041
220 1.613434
221 1.776551
222 1.645154
223 1.887228
224 1.748686
225 1.425005
226 1.625760
227 1.759226
228 1.379118
229 1.410617
230 1.629652
231 1.360453
232 1.147133
233 1.634209
234 1.673321
235 1.430825
236 1.627049
237 1.871081
238 1.878431
239 2.019236
240 2.492799
241 2.908133
242 3.591847
243 4.904846
244 4.950005
245 3.381671
246 1.853651
247 1.316680
248 1.372645
249 1.627907
250 1.844109
251 2.025947
252 2.892464
253 2.910667
254 2.340577
255 1.588804
256 1.129566
257 1.114547
258 1.038123
259 1.363742
260 1.689678
261 1.931912
262 1.859053
263 1.649558
264 1.592776
265 1.407161
266 1.551032
267 1.539460
268 1.450431
269 1.396707
270 1.251010
271 1.284819
272 1.293808
273 1.426480
274 1.337486
275 1.020197
276 1.051751
277 1.065893
278 0.891436
279 0.862674
280 0.954193
281 0.861847
282 0.895192
283 1.006132
284 1.160877
285 1.534385
286 1.688661
287 1.348747
288 1.234817
289 1.055186
290 1.057887
291 0.877648
292 0.920513
293 1.059871
294 1.366607
295 1.357434
296 1.129310
297 0.962964
298 1.011287
299 1.042341
300 1.184886
301 1.368881
302 1.724575
303 1.572940
304 1.644637
305 1.605841
306 1.554790
307 1.401781
308 1.210501
309 1.197743
310 1.082019
311 1.229176
312 1.220791
313 1.229707
314 1.116401
315 1.270752
316 1.079067
317 1.071355
318 0.856316
319 0.898436
320 1.129235
321 1.041640
322 0.976425
323 1.296463
324 1.406928
325 1.337277
326 1.608963
327 1.728218
328 1.571167
329 1.261422
330 1.063123
331 1.162153
332 1.086142
333 1.131347
334 0.978559
335 0.813990
336 0.871978
337 0.924565
338 0.702979
339 0.697368
340 0.838590
341 0.758704
342 0.619607
343 0.680188
344 0.849270
345 0.771069
346 0.779712
347 0.950419
348 1.002903
349 0.993734
350 1.140738
351 1.248820
352 1.304984
353 1.517318
354 1.259965
355 1.194465
356 1.006100
357 1.084994
358 1.144162
359 0.871626
360 0.894781
361 0.718237
362 0.996060
363 0.881910
364 0.830904
365 0.843866
366 0.981920
367 1.367527
368 2.310947
369 2.315517
370 1.906495
371 1.274451
372 0.844877
373 0.824501
374 0.748398
375 0.773967
376 0.825807
377 1.030587
378 1.195218
379 1.944887
380 1.654218
381 1.529239
382 1.256161
383 1.064669
384 1.321751
385 1.423508
386 1.649393
387 1.844072
388 1.793171
389 1.870167
390 2.142471
391 2.191932
392 2.331950
393 2.626704
394 2.261735
395 1.666132
396 1.346375
397 1.369187
398 1.307631
399 1.004965
400 1.005000
401 1.098554
402 0.906757
403 0.743640
404 0.872105
405 0.892230
406 0.677581
407 0.654382
408 0.833842
409 0.823206
410 0.784056
411 1.074303
412 1.402879
413 1.221105
414 1.217399
415 1.171577
416 1.203951
417 1.367912
418 1.539731
419 1.860402
420 2.276242
421 2.133934
422 2.052103
423 2.225029
424 2.116963
425 1.815055
426 1.913363
427 2.070649
428 1.781249
429 1.626660
430 1.862047
431 1.865715
432 1.689535
433 1.820804
434 2.031967
435 2.189356
436 2.229687
437 2.655147
438 2.965092
439 3.058552
440 2.636051
441 2.566652
442 2.619722
443 3.159872
444 3.428943
445 2.898198
446 3.217209
447 2.891849
448 3.078502
449 2.866088
450 3.247794
451 3.119626
452 2.716342
453 2.846837
454 2.672129
455 2.425034
456 2.297153
457 1.974253
458 1.812635
459 1.720963
460 1.515962
461 1.609554
462 1.768911
463 1.657308
464 1.452041
465 1.890964
466 2.001627
467 1.479216
468 1.428394
469 1.447044
470 1.286284
471 1.037677
472 1.103282
473 1.188736
474 1.029434
475 0.961287
476 1.228136
477 1.240602
478 1.071842
479 1.247608
480 1.474438
481 1.710160
482 1.885251
483 1.740147
484 1.908093
485 1.784046
486 1.467275
487 1.296801
488 1.300539
489 1.148158
490 1.323123
491 1.303613
492 1.090395
493 1.197335
494 1.380426
495 1.306750
496 1.462623
497 1.188869
498 1.182731
499 1.671435
500 2.911479
501 4.004271
502 5.950768
503 4.073546
504 1.863219
505 1.259293
506 1.233963
507 1.200070
508 1.225146
509 1.098994
510 1.287943
511 1.527970
512 1.587059
513 1.444645
514 1.574229
515 1.449521
516 1.554317
517 1.425149
518 1.208973
519 1.254134
520 1.317585
521 1.173625
522 1.071241
523 1.152045
524 1.115085
525 0.928257
526 0.915528
527 1.046599
528 0.951119
529 0.805926
530 0.882649
531 1.034259
532 1.080721
533 1.084481
534 1.157670
535 1.182756
536 1.268921
537 1.285529
538 1.461458
539 1.298548
540 1.210885
541 1.254116
542 1.442458
543 1.672233
544 1.532923
545 1.544162
546 1.719852
547 1.874886
548 2.235332
549 2.199401
550 2.227331
551 1.813150
552 2.176010
553 3.051543
554 4.245484
555 5.477046
