#Residue RMSF_Angstrom
0 7.882766
1 6.178857
2 4.782574
3 4.278972
4 3.939923
5 3.713205
6 3.488835
7 3.207448
8 3.100193
9 3.026321
10 2.868210
11 2.641940
12 2.586500
13 2.609499
14 2.370736
15 2.182408
16 2.217435
17 2.178159
18 1.804366
19 1.654304
20 1.684993
21 1.533507
22 1.695967
23 2.069231
24 2.190916
25 1.814531
26 2.137421
27 2.446056
28 2.084942
29 1.811607
30 1.927317
31 2.346501
32 2.268890
33 2.038079
34 2.308086
35 2.274021
36 2.394848
37 2.049240
38 1.786433
39 2.039535
40 1.964856
41 1.578937
42 1.632172
43 1.880553
44 1.599987
45 1.383999
46 1.672673
47 1.684640
48 1.406599
49 1.521341
50 1.818000
51 1.671512
52 1.576426
53 1.852819
54 1.745735
55 2.011668
56 2.129331
57 1.871048
58 1.569769
59 1.540255
60 1.662284
61 1.453428
62 1.181921
63 1.380212
64 1.368480
65 1.043447
66 1.121508
67 1.320931
68 1.111165
69 0.947545
70 1.266611
71 1.289025
72 1.107825
73 1.216150
74 1.537196
75 1.503853
76 1.751767
77 1.866968
78 1.708383
79 1.377803
80 1.355105
81 1.278023
82 1.036038
83 0.953441
84 1.068284
85 0.901552
86 0.771285
87 0.863018
88 1.024074
89 0.963135
90 0.985486
91 1.195920
92 1.340193
93 1.374738
94 1.524570
95 1.771371
96 1.928246
97 2.412582
98 2.020596
99 1.610690
100 1.301585
101 1.315302
102 1.203688
103 1.254192
104 1.175565
105 1.092455
106 1.199360
107 1.222214
108 1.334807
109 1.452187
110 1.768086
111 1.717731
112 1.676550
113 1.417561
114 1.558534
115 1.352389
116 1.418338
117 1.370107
118 1.033732
119 1.068263
120 1.169427
121 0.875663
122 0.790338
123 0.953999
124 0.846000
125 0.714341
126 0.842953
127 0.847396
128 0.746375
129 0.834135
130 0.931196
131 1.043768
132 1.144859
133 1.235326
134 1.596570
135 1.644787
136 1.955080
137 2.060179
138 2.391414
139 2.465667
140 2.620918
141 2.811398
142 2.965731
143 3.092091
144 3.275506
145 3.510531
146 3.607941
147 3.767017
148 4.046384
149 4.151254
150 4.531126
151 4.397846
152 4.352637
153 4.060543
154 3.961481
155 3.984033
156 3.737957
157 3.457881
158 3.499718
159 3.475191
160 3.132899
161 2.984570
162 3.097308
163 2.957070
164 2.639992
165 2.682354
166 2.771085
167 2.460913
168 2.303210
169 2.488644
170 2.449742
171 2.081263
172 2.070729
173 2.295514
174 2.279791
175 2.552495
176 2.301549
177 2.091396
178 2.450642
179 2.509059
180 2.444367
181 2.401185
182 2.732095
183 2.898135
184 2.729781
185 2.826461
186 3.196965
187 3.244177
188 3.097705
189 3.342070
190 3.647101
191 3.560148
192 3.490556
193 3.871176
194 4.092563
195 3.916741
196 4.243246
197 5.023968
198 5.094017
199 5.272713
200 5.660357
201 5.594078
202 5.557756
203 5.405826
204 5.280266
205 4.931280
206 4.866070
207 4.577196
208 4.724303
209 4.672541
210 4.234577
211 4.091012
212 4.289912
213 4.138602
214 3.723981
215 3.738255
216 3.869450
217 3.638141
218 3.394057
219 3.542896
220 3.622331
221 3.983937
222 4.069614
223 4.091904
224 3.672239
225 3.583352
226 3.838121
227 3.646873
228 3.290819
229 3.497278
230 3.681068
231 3.334361
232 3.201783
233 3.497109
234 3.455649
235 3.143007
236 3.363136
237 3.840218
238 3.919983
239 4.086567
240 5.027822
241 5.003415
242 6.193166
243 7.747533
244 4.558843
245 3.279223
246 2.558981
247 2.384385
248 2.239166
249 2.140751
250 2.033415
251 1.790179
252 2.130228
253 1.914852
254 1.996955
255 1.957511
256 1.804362
257 1.983503
258 1.883985
259 2.100210
260 2.138667
261 2.161284
262 2.194501
263 2.234170
264 2.289366
265 2.051462
266 1.977980
267 2.116950
268 1.573491
269 1.411473
270 1.422330
271 1.727654
272 1.719879
273 2.005986
274 1.857450
275 1.517764
276 1.742723
277 1.937133
278 1.672157
279 1.538516
280 1.896474
281 1.888726
282 1.560226
283 1.768573
284 1.985091
285 1.705183
286 1.707032
287 2.085441
288 2.029583
289 2.212608
290 2.219966
291 2.448379
292 2.267796
293 2.016375
294 1.717597
295 1.565923
296 1.307969
297 1.209785
298 1.221783
299 1.339554
300 1.401734
301 1.649735
302 1.966034
303 2.513992
304 2.158671
305 1.827011
306 1.845463
307 1.691733
308 1.701678
309 1.638668
310 1.527089
311 1.748267
312 1.773781
313 2.073508
314 2.261699
315 2.528267
316 2.763361
317 3.030480
318 3.267249
319 3.530867
320 3.410007
321 3.347425
322 3.735981
323 3.835758
324 3.603647
325 3.802847
326 4.093715
327 4.504651
328 4.632045
329 4.295913
330 3.953374
331 4.031815
332 4.117389
333 3.840964
334 3.567906
335 3.732052
336 3.721262
337 3.353314
338 3.260993
339 3.473871
340 3.346557
341 2.995634
342 3.088588
343 3.272070
344 3.014733
345 2.731493
346 2.977906
347 3.116627
348 2.767966
349 2.691497
350 3.013714
351 2.959084
352 2.633498
353 2.849144
354 2.713781
355 2.997798
356 2.952838
357 3.284708
358 3.371657
359 3.351361
360 3.488955
361 3.446102
362 3.270318
363 3.020136
364 2.965016
365 2.650938
366 2.656356
367 2.423471
368 2.605259
369 2.634579
370 2.830556
371 2.620081
372 2.681741
373 2.459521
374 2.603728
375 2.490648
376 2.608296
377 2.666196
378 2.600129
379 2.583817
380 6.044045
381 5.627916
382 5.413708
383 5.249336
384 5.254208
385 4.945124
386 4.749181
387 4.814964
388 5.207260
389 5.214515
390 5.060192
391 5.348680
392 5.251769
393 5.626598
394 5.560152
395 5.277559
396 5.184023
397 4.851652
398 5.062605
399 5.202053
400 4.866682
401 4.762878
402 5.073290
403 5.004499
404 4.685344
405 4.904922
406 5.123076
407 4.841723
408 4.715055
409 5.075322
410 5.102210
411 4.824321
412 4.944749
413 5.309152
414 5.328240
415 5.274372
416 4.937424
417 5.042508
418 5.435019
419 5.577443
420 6.050727
421 5.783829
422 5.476516
423 5.287685
424 5.330692
425 5.181645
426 4.859041
427 4.823007
428 4.849193
429 4.600064
430 4.360152
431 4.409177
432 4.258494
433 4.061350
434 3.981152
435 4.051297
436 3.940531
437 3.829711
438 4.057883
439 4.112561
440 4.120416
441 4.209423
442 4.494095
443 4.696303
444 4.927928
445 4.896935
446 5.247295
447 4.972009
448 4.719312
449 4.408595
450 4.498879
451 4.782741
452 4.572516
453 4.492496
454 4.135204
455 4.115386
456 3.837397
457 3.840200
458 3.928773
459 3.743387
460 3.969190
461 4.105020
462 4.202736
463 4.419084
464 4.440495
465 4.576961
466 4.358296
467 4.220054
468 3.949130
469 3.713516
470 3.785780
471 4.051175
472 3.920590
473 3.792371
474 4.065011
475 4.180758
476 3.977442
477 4.025505
478 4.349139
479 4.289337
480 4.118576
481 4.201422
482 4.197197
483 4.465118
484 4.365500
485 4.124784
486 4.285427
487 4.350731
488 4.677048
489 4.913825
490 4.890124
491 4.498049
492 4.520730
493 4.758047
494 4.561588
495 4.262336
496 4.148761
497 4.220671
498 4.596983
499 4.748912
500 5.444620
501 6.881437
502 6.431897
503 4.308787
504 2.022093
505 1.662153
506 1.590246
507 1.705822
508 1.732327
509 1.808072
510 2.013840
511 2.169625
512 2.011531
513 1.756593
514 2.033028
515 1.894120
516 2.326861
517 2.207821
518 1.768357
519 1.938728
520 2.228972
521 1.883149
522 1.553727
523 1.877519
524 1.838205
525 1.352440
526 1.307564
527 1.601439
528 1.383998
529 1.085605
530 1.374618
531 1.554695
532 1.327776
533 1.291255
534 1.642757
535 1.772046
536 1.568539
537 1.521396
538 1.749070
539 1.823328
540 1.962896
541 1.801672
542 2.012630
543 2.484467
544 2.409728
545 2.861403
546 3.007527
547 4.127914
548 3.814897
549 3.310475
550 2.796144
551 2.439660
552 2.430421
553 2.630303
554 2.739587
555 3.294158
