# Contacts: LigContacts
# Native contacts determined from mask ':LIG' and mask ':1-556'
#                     Contact  Nframes    Frac.      Avg    Stdev
       1     :557@Cl_:327@HD3       25        1     3.43    0.331
       2    :557@H55_:327@HD3       23     0.92     3.09    0.644
       3    :557@Cl_:331@HD22       23     0.92     3.46    0.507
       4    :557@H55_:327@HG3       21     0.84     3.16    0.713
       5    :557@H48_:335@OG1       21     0.84     3.44    0.477
       6     :557@H55_:327@CD       21     0.84     3.68    0.442
       7    :557@C27_:327@HD3       21     0.84     3.69    0.474
       8    :557@C25_:327@HG3       21     0.84     3.87    0.416
       9    :557@H50_:327@HG3       20      0.8     3.67    0.487
      10    :557@C29_:327@HD3       20      0.8     3.89    0.428
      11      :557@Cl_:326@HA       19     0.76     3.43    0.611
      12     :557@H55_:327@CG       19     0.76     3.61    0.449
      13      :557@Cl_:327@CD       19     0.76     3.81    0.293
      14     :557@Cl_:327@HD2       18     0.72     3.52     0.57
      15    :557@H51_:332@HD3       18     0.72     3.73    0.623
      16    :557@C27_:327@HG3       18     0.72     3.74    0.395
      17    :557@H55_:327@HG2       17     0.68     3.76    0.439
      18   :557@H48_:335@HG22       16     0.64     3.31    0.739
      19    :557@H55_:327@HD2       16     0.64     3.84    0.474
      20     :557@H55_:326@HA       16     0.64     3.84    0.381
      21     :557@H48_:335@CB       16     0.64      3.9    0.318
      22    :557@C25_:327@HD3       16     0.64     3.92    0.476
      23     :557@H7_:327@HG2       15      0.6     3.46    0.531
      24    :557@H58_:327@HD3       15      0.6     3.58     0.65
      25     :557@H8_:327@HB3       14     0.56     2.97    0.531
      26     :557@H9_:327@HG3       14     0.56     3.12    0.592
      27    :557@H48_:335@CG2       14     0.56     3.26    0.373
      28      :557@H8_:327@CB       14     0.56     3.52    0.317
      29    :557@H56_:322@HE2       14     0.56     3.61    0.533
      30    :557@H44_:332@HD2       14     0.56     3.64    0.447
      31   :557@H53_:335@HG22       14     0.56     3.81    0.582
      32   :557@H48_:335@HG21       13     0.52     3.01    0.696
      33     :557@H8_:327@HG3       13     0.52     3.09    0.554
      34     :557@C3_:327@HG3       13     0.52     3.42    0.366
      35    :557@H56_:322@CE2       13     0.52     3.46     0.55
      36    :557@H53_:322@HE2       13     0.52      3.5    0.677
      37   :557@H52_:335@HG22       13     0.52     3.62    0.488
      38    :557@H45_:335@OG1       13     0.52     3.68    0.514
      39    :557@H51_:332@HD2       13     0.52     3.99    0.274
      40     :557@C27_:327@CG       13     0.52     4.19    0.198
      41    :557@H42_:332@HG2       12     0.48     3.25    0.729
      42   :557@H48_:335@HG23       12     0.48      3.4    0.754
      43      :557@H8_:327@CG       12     0.48     3.42    0.401
      44    :557@H53_:322@CE2       12     0.48     3.46    0.455
      45    :557@H54_:327@HG3       12     0.48     3.98    0.515
      46    :557@C24_:335@CG2       12     0.48     3.98    0.227
      47     :557@C29_:326@HA       12     0.48     3.99    0.363
      48    :557@H52_:335@CG2       12     0.48     4.04    0.274
      49    :557@C27_:327@HG2       12     0.48     4.16    0.264
      50   :557@H52_:331@HD22       11     0.44     3.34    0.523
      51      :557@H9_:327@CG       11     0.44      3.6    0.381
      52    :557@C20_:332@HG2       11     0.44     3.81    0.556
      53    :557@H54_:327@HD3       11     0.44     3.84     0.59
      54     :557@H8_:327@HB2       11     0.44     3.85    0.363
      55      :557@Cl_:326@CA       11     0.44     3.86    0.239
      56      :557@C3_:327@CG       11     0.44     3.88    0.253
      57   :557@H53_:335@HG23       11     0.44        4    0.346
      58    :557@N9_:335@HG22       11     0.44     4.09     0.35
      59     :557@H7_:332@HG3       10      0.4     3.11    0.612
      60     :557@H8_:327@HG2       10      0.4     3.24    0.641
      61     :557@H9_:327@HG2       10      0.4     3.58     0.66
      62    :557@H30_:328@HD2       10      0.4     3.63    0.651
      63    :557@H56_:322@CD2       10      0.4     3.69    0.345
      64   :557@C24_:335@HG22       10      0.4     3.71    0.419
      65     :557@H51_:332@CD       10      0.4     3.86    0.273
      66     :557@C2_:327@HG2       10      0.4     3.94      0.5
      67   :557@H49_:335@HG22       10      0.4     3.95    0.367
      68   :557@H52_:335@HG21       10      0.4     4.01    0.601
      69    :557@C22_:335@OG1       10      0.4     4.06    0.252
      70     :557@C27_:327@CD       10      0.4     4.09    0.202
      71   :557@C29_:331@HD22       10      0.4      4.1    0.358
      72     :557@H57_:322@CZ       10      0.4     4.14    0.276
      73   :557@H52_:331@HD21        9     0.36      3.5    0.253
      74    :557@H52_:331@CD2        9     0.36     3.54    0.234
      75    :557@H44_:335@HG1        9     0.36     3.59    0.346
      76     :557@H7_:332@HD3        9     0.36     3.62    0.642
      77       :557@Cl_:322@O        9     0.36     3.72    0.308
      78      :557@H7_:332@CG        9     0.36     3.77    0.445
      79   :557@H49_:335@HG23        9     0.36     3.95    0.249
      80       :557@Cl_:326@N        9     0.36     3.99    0.195
      81     :557@H56_:322@CG        9     0.36     3.99    0.354
      82   :557@H56_:331@HD23        9     0.36     4.14    0.282
      83    :557@H31_:328@HD2        8     0.32     3.13     0.59
      84     :557@H6_:332@HG3        8     0.32     3.25     0.53
      85   :557@H52_:331@HD23        8     0.32     3.34    0.376
      86    :557@H44_:335@OG1        8     0.32     3.45    0.416
      87   :557@H52_:335@HG23        8     0.32     3.53    0.397
      88   :557@H56_:331@HD22        8     0.32     3.56    0.624
      89     :557@C3_:327@HG2        8     0.32     3.57    0.559
      90     :557@C2_:332@HG3        8     0.32     3.57    0.498
      91    :557@H35_:328@HD2        8     0.32     3.61    0.707
      92     :557@H7_:332@HG2        8     0.32     3.86    0.475
      93    :557@H57_:322@HE2        8     0.32     3.86     0.57
      94   :557@C24_:335@HG23        8     0.32     3.88    0.451
      95    :557@C28_:322@HE2        8     0.32     3.93    0.458
      96    :557@C28_:322@CE2        8     0.32     3.99    0.174
      97      :557@H9_:327@CB        8     0.32     4.06     0.31
      98    :557@C25_:332@HD3        8     0.32      4.1    0.321
      99       :557@Cl_:325@C        8     0.32     4.11    0.204
     100   :557@C29_:331@HD21        8     0.32     4.12    0.447
     101       :557@Cl_:325@O        8     0.32     4.12    0.247
     102    :557@H35_:328@HG2        7     0.28     2.86    0.627
     103    :557@H30_:329@HD3        7     0.28     3.47    0.938
     104    :557@C14_:328@HD2        7     0.28     3.58    0.472
     105   :557@H51_:331@HD21        7     0.28     3.61    0.554
     106     :557@N9_:322@HE2        7     0.28     3.69    0.562
     107   :557@H44_:335@HG22        7     0.28     3.87    0.757
     108   :557@C26_:331@HD22        7     0.28     3.89    0.209
     109    :557@C16_:328@HD2        7     0.28     3.94    0.457
     110     :557@N9_:322@CE2        7     0.28     3.95    0.322
     111     :557@C27_:326@HA        7     0.28     4.03    0.181
     112    :557@C27_:327@HD2        7     0.28     4.07    0.282
     113   :557@C26_:335@HG23        7     0.28     4.14    0.288
     114    :557@N9_:335@HG23        7     0.28     4.22    0.211
     115   :557@H44_:335@HG23        6     0.24     3.25    0.547
     116    :557@H40_:332@HG3        6     0.24     3.49    0.248
     117    :557@H30_:329@HG2        6     0.24     3.54    0.701
     118    :557@H35_:329@HD3        6     0.24     3.55    0.553
     119    :557@H44_:335@CG2        6     0.24     3.66    0.335
     120   :557@H56_:331@HD21        6     0.24     3.68    0.641
     121    :557@H52_:322@HE2        6     0.24     3.73    0.803
     122   :557@H44_:331@HD23        6     0.24     3.75    0.353
     123    :557@H53_:322@CD2        6     0.24     3.76    0.575
     124    :557@H56_:322@HD2        6     0.24     3.79    0.666
     125    :557@H31_:327@HB3        6     0.24     3.81    0.526
     126    :557@H30_:327@HB3        6     0.24     3.83    0.446
     127      :557@H6_:332@CG        6     0.24     3.85    0.301
     128   :557@H51_:331@HD22        6     0.24     3.89    0.243
     129    :557@H56_:331@CD2        6     0.24     3.89    0.415
     130    :557@C19_:332@HG3        6     0.24      3.9    0.293
     131    :557@C16_:329@HD3        6     0.24     3.93    0.295
     132     :557@Cl_:326@HB3        6     0.24     3.94    0.434
     133   :557@C28_:331@HD22        6     0.24     3.94    0.386
     134     :557@H35_:328@CD        6     0.24     3.96    0.622
     135     :557@H51_:331@HA        6     0.24     3.97    0.356
     136   :557@H45_:335@HG22        6     0.24     3.99    0.445
     137     :557@H44_:335@CB        6     0.24        4    0.319
     138   :557@H45_:335@HG23        6     0.24     4.03    0.253
     139    :557@H57_:322@CE2        6     0.24     4.07    0.396
     140    :557@C21_:335@OG1        6     0.24      4.1    0.263
     141   :557@C26_:331@HD23        6     0.24     4.15    0.185
     142      :557@Cl_:326@CB        6     0.24     4.17    0.313
     143      :557@N_:327@HG3        6     0.24     4.29    0.174
     144    :557@C26_:331@CD2        6     0.24     4.38   0.0778
     145     :557@Cl_:325@HG3        5      0.2     3.15     0.42
     146    :557@H30_:329@HD2        5      0.2     3.35    0.529
     147   :557@H51_:331@HD23        5      0.2     3.39    0.453
     148    :557@H42_:335@OG1        5      0.2     3.42    0.287
     149    :557@H42_:335@HG1        5      0.2     3.57   0.0969
     150    :557@H51_:331@CD2        5      0.2     3.73    0.336
     151    :557@H49_:322@HE2        5      0.2     3.73    0.518
     152    :557@H40_:332@HG2        5      0.2     3.74    0.687
     153      :557@H7_:332@CD        5      0.2     3.76    0.391
     154    :557@H31_:327@HB2        5      0.2     3.81     0.59
     155    :557@C24_:322@HE2        5      0.2     3.82    0.492
     156    :557@H34_:329@HD3        5      0.2     3.95    0.265
     157    :557@C20_:335@OG1        5      0.2     3.96    0.265
     158    :557@C20_:335@HG1        5      0.2     3.97    0.302
     159     :557@H6_:332@HD3        5      0.2        4    0.382
     160     :557@H40_:332@CG        5      0.2     4.01    0.375
     161    :557@H10_:327@HG3        5      0.2     4.03     0.51
     162   :557@C22_:335@HG23        5      0.2     4.06    0.273
     163     :557@H44_:335@HB        5      0.2     4.08    0.201
     164   :557@C22_:335@HG22        5      0.2     4.09    0.415
     165    :557@H45_:335@CG2        5      0.2     4.09    0.383
     166      :557@C2_:332@CG        5      0.2      4.1    0.222
     167     :557@N1_:332@HG3        5      0.2     4.15     0.18
     168     :557@H55_:326@CA        5      0.2     4.23    0.119
     169    :557@C26_:322@HE2        4     0.16     3.61    0.431
     170     :557@Cl_:325@HG2        4     0.16     3.63    0.272
     171    :557@H58_:325@HE3        4     0.16     3.68    0.749
     172   :557@H44_:335@HG21        4     0.16      3.7    0.656
     173    :557@C19_:332@HG2        4     0.16     3.75    0.541
     174      :557@Cl_:325@CG        4     0.16     3.77    0.193
     175    :557@H35_:329@HG3        4     0.16      3.8    0.353
     176    :557@H35_:329@HD2        4     0.16     3.81    0.313
     177   :557@C21_:335@HG23        4     0.16     3.82    0.249
     178    :557@H53_:322@HD2        4     0.16     3.83      0.4
     179     :557@H6_:332@HG2        4     0.16     3.83    0.519
     180     :557@C2_:332@HD3        4     0.16     3.91    0.457
     181    :557@H34_:327@HB2        4     0.16        4    0.294
     182    :557@H52_:322@HD2        4     0.16     4.03    0.403
     183    :557@H30_:327@HG3        4     0.16     4.04    0.302
     184   :557@C25_:331@HD21        4     0.16     4.07    0.319
     185     :557@C4_:327@HG3        4     0.16     4.17    0.464
     186     :557@H8_:332@HD3        4     0.16     4.21    0.227
     187    :557@C16_:329@HD2        4     0.16     4.24    0.164
     188    :557@C22_:335@CG2        4     0.16     4.29    0.285
     189      :557@H8_:327@CD        4     0.16     4.37    0.122
     190    :557@H30_:327@HB2        3     0.12     3.07    0.529
     191    :557@H56_:322@HB3        3     0.12      3.4    0.856
     192   :557@H52_:331@HD13        3     0.12     3.41    0.708
     193    :557@H34_:329@HG2        3     0.12      3.6    0.477
     194    :557@H10_:327@HB3        3     0.12     3.61     0.52
     195     :557@H30_:327@CB        3     0.12     3.63    0.388
     196    :557@H41_:332@HG2        3     0.12     3.67    0.932
     197    :557@C14_:327@HB2        3     0.12     3.68    0.386
     198     :557@H35_:329@CD        3     0.12     3.74    0.285
     199    :557@H35_:327@HB2        3     0.12     3.77    0.477
     200     :557@H7_:332@HD2        3     0.12     3.84    0.176
     201    :557@C14_:327@HB3        3     0.12     3.93    0.374
     202     :557@C4_:327@HB3        3     0.12     3.97    0.215
     203    :557@H54_:327@HD2        3     0.12        4    0.591
     204    :557@H34_:329@HG3        3     0.12     4.01    0.524
     205     :557@H30_:327@CG        3     0.12     4.04    0.357
     206     :557@H34_:329@CG        3     0.12     4.04    0.247
     207    :557@C16_:329@HG2        3     0.12     4.05    0.283
     208    :557@H34_:329@HD2        3     0.12      4.1    0.219
     209    :557@H56_:325@HE2        3     0.12     4.11    0.347
     210    :557@C28_:322@CD2        3     0.12     4.14    0.114
     211     :557@C19_:332@CG        3     0.12     4.23     0.35
     212    :557@C21_:335@CG2        3     0.12     4.25    0.236
     213      :557@N_:327@HG2        3     0.12     4.27    0.122
     214      :557@H9_:327@CD        3     0.12     4.28    0.134
     215     :557@H8_:329@HB2        3     0.12     4.32    0.121
     216    :557@H57_:325@HE2        3     0.12     4.33    0.194
     217     :557@H9_:327@HD3        3     0.12     4.34    0.147
     218    :557@H11_:327@HB3        2     0.08     2.81    0.714
     219   :557@H55_:331@HD22        2     0.08      3.3    0.718
     220    :557@H19_:327@HG3        2     0.08     3.33    0.992
     221     :557@Cl_:325@HE3        2     0.08     3.36    0.474
     222   :557@H55_:331@HD21        2     0.08     3.36     1.05
     223    :557@H11_:327@HG3        2     0.08     3.37     1.07
     224    :557@H56_:325@HE3        2     0.08     3.38    0.303
     225     :557@N3_:327@HG3        2     0.08     3.56    0.858
     226    :557@C29_:325@HE3        2     0.08     3.57    0.329
     227     :557@H54_:327@CD        2     0.08     3.58    0.552
     228    :557@H40_:332@HD3        2     0.08     3.59    0.595
     229     :557@C2_:332@HG2        2     0.08     3.62   0.0103
     230    :557@H57_:325@HE3        2     0.08     3.63  0.00651
     231    :557@H41_:332@HG3        2     0.08     3.66    0.327
     232    :557@H19_:327@HB3        2     0.08     3.67    0.491
     233     :557@H24_:327@HA        2     0.08     3.68   0.0921
     234     :557@H11_:327@CB        2     0.08     3.69    0.754
     235    :557@H12_:327@HB3        2     0.08      3.7     0.48
     236    :557@H30_:327@HG2        2     0.08     3.72     0.66
     237     :557@C5_:327@HB3        2     0.08     3.73    0.577
     238    :557@C28_:325@HE3        2     0.08     3.73    0.253
     239   :557@C25_:331@HD23        2     0.08     3.77    0.235
     240     :557@H35_:329@CG        2     0.08     3.78    0.131
     241     :557@H54_:326@HA        2     0.08     3.81   0.0128
     242     :557@H54_:327@CG        2     0.08     3.81    0.594
     243   :557@H51_:335@HG23        2     0.08     3.82     0.22
     244     :557@H10_:327@CB        2     0.08     3.85    0.146
     245    :557@H49_:371@HA3        2     0.08     3.85    0.149
     246   :557@C27_:331@HD22        2     0.08     3.86    0.368
     247    :557@H10_:327@HG2        2     0.08     3.88    0.609
     248     :557@H10_:327@CG        2     0.08     3.92     0.48
     249     :557@H19_:327@HA        2     0.08     3.96    0.513
     250     :557@N3_:327@HB3        2     0.08     3.99    0.207
     251     :557@N2_:327@HB3        2     0.08     4.03    0.351
     252    :557@H40_:335@HG1        2     0.08     4.05    0.307
     253     :557@H34_:329@CD        2     0.08     4.09   0.0166
     254      :557@H6_:332@CD        2     0.08     4.11    0.118
     255     :557@N1_:332@HG2        2     0.08     4.12    0.368
     256    :557@C19_:332@HD3        2     0.08     4.15    0.347
     257     :557@H11_:327@HA        2     0.08     4.16    0.107
     258      :557@C2_:332@CD        2     0.08     4.18    0.177
     259     :557@H56_:325@CE        2     0.08     4.18    0.308
     260   :557@H42_:335@HG23        2     0.08      4.2   0.0798
     261    :557@C26_:322@HD2        2     0.08     4.25   0.0571
     262     :557@C3_:332@HD3        2     0.08     4.28   0.0318
     263     :557@C16_:329@CD        2     0.08      4.3   0.0802
     264   :557@C23_:331@HD23        2     0.08      4.3    0.146
     265     :557@Cl_:325@HE2        2     0.08     4.33   0.0471
     266     :557@N9_:322@HD2        2     0.08     4.34   0.0406
     267     :557@H55_:331@HA        2     0.08     4.34   0.0464
     268   :557@H50_:331@HD21        2     0.08     4.38   0.0272
     269     :557@C16_:329@CG        2     0.08     4.39   0.0872
     270     :557@H19_:327@CA        2     0.08      4.4   0.0388
     271   :557@C28_:331@HD23        2     0.08     4.46   0.0243
     272    :557@H19_:327@HD3        1     0.04     2.53        0
     273    :557@H55_:331@CD2        1     0.04     2.81        0
     274     :557@C5_:327@HG3        1     0.04     2.88        0
     275    :557@H40_:332@HD2        1     0.04     2.96 4.21e-08
     276      :557@H25_:325@O        1     0.04        3        0
     277     :557@H11_:327@CG        1     0.04     3.02        0
     278      :557@H27_:325@O        1     0.04     3.03        0
     279   :557@H55_:331@HD23        1     0.04     3.06        0
     280      :557@H24_:325@O        1     0.04     3.07 4.21e-08
     281    :557@H16_:327@HB3        1     0.04     3.17        0
     282     :557@H19_:327@CG        1     0.04     3.18        0
     283    :557@H25_:325@HG3        1     0.04     3.18        0
     284     :557@H40_:332@CD        1     0.04     3.21        0
     285    :557@H35_:329@HG2        1     0.04     3.25        0
     286     :557@H19_:327@CD        1     0.04      3.3        0
     287   :557@C27_:331@HD21        1     0.04     3.32        0
     288     :557@H41_:332@CG        1     0.04     3.32        0
     289      :557@C11_:325@O        1     0.04     3.36        0
     290     :557@C8_:327@HG3        1     0.04     3.38        0
     291    :557@H18_:327@HD3        1     0.04     3.39        0
     292    :557@C28_:322@HD2        1     0.04     3.39        0
     293     :557@C8_:327@HD3        1     0.04      3.4        0
     294    :557@H11_:327@HB2        1     0.04     3.41        0
     295    :557@H27_:325@HB2        1     0.04     3.42 4.21e-08
     296    :557@H10_:327@HB2        1     0.04     3.45        0
     297    :557@H22_:327@HG3        1     0.04     3.48 4.21e-08
     298    :557@H53_:371@HA3        1     0.04     3.49        0
     299    :557@H55_:326@HB3        1     0.04     3.52 4.21e-08
     300    :557@H24_:327@HD3        1     0.04     3.52        0
     301    :557@H57_:322@HD2        1     0.04     3.54        0
     302    :557@H40_:335@OG1        1     0.04     3.55        0
     303    :557@H24_:327@HB3        1     0.04     3.55        0
     304    :557@H13_:327@HG3        1     0.04     3.55        0
     305    :557@H54_:327@HG2        1     0.04     3.57 4.21e-08
     306      :557@H7_:331@HA        1     0.04     3.61 4.21e-08
     307      :557@N3_:327@CG        1     0.04     3.63        0
     308    :557@C10_:327@HG3        1     0.04     3.68        0
     309    :557@H11_:327@HG2        1     0.04      3.7        0
     310      :557@C12_:325@O        1     0.04      3.7        0
     311     :557@H19_:327@CB        1     0.04     3.71        0
     312     :557@N5_:327@HG3        1     0.04     3.75        0
     313    :557@H57_:325@HZ1        1     0.04     3.75        0
     314      :557@H24_:327@N        1     0.04     3.76        0
     315    :557@C27_:331@CD2        1     0.04     3.76        0
     316      :557@C5_:327@CG        1     0.04     3.76        0
     317    :557@H25_:325@HB2        1     0.04     3.76 4.21e-08
     318   :557@C27_:331@HD23        1     0.04     3.79        0
     319   :557@H54_:331@HD21        1     0.04     3.81        0
     320    :557@H25_:327@HD3        1     0.04     3.85        0
     321    :557@H12_:327@HB2        1     0.04     3.86        0
     322    :557@H18_:327@HG3        1     0.04     3.87        0
     323     :557@N3_:327@HG2        1     0.04     3.87        0
     324   :557@C23_:335@HG23        1     0.04     3.87        0
     325      :557@H19_:327@N        1     0.04     3.88        0
     326    :557@H57_:322@CD2        1     0.04     3.88 4.21e-08
     327    :557@C19_:332@HD2        1     0.04     3.88        0
     328    :557@H11_:327@HD3        1     0.04     3.89        0
     329     :557@H25_:326@HA        1     0.04      3.9        0
     330      :557@C5_:327@CB        1     0.04     3.91 4.21e-08
     331   :557@C25_:331@HD22        1     0.04     3.92        0
     332    :557@H28_:325@HB2        1     0.04     3.93 4.21e-08
     333     :557@C4_:327@HG2        1     0.04     3.94        0
     334      :557@H25_:325@C        1     0.04     3.94        0
     335    :557@H12_:327@HG3        1     0.04     3.94 4.21e-08
     336    :557@C25_:331@CD2        1     0.04     3.95        0
     337     :557@N1_:332@HD3        1     0.04     3.95 4.21e-08
     338      :557@Cl_:325@CE        1     0.04     3.96        0
     339     :557@H12_:327@CB        1     0.04     3.96        0
     340    :557@H41_:332@HD2        1     0.04     3.97        0
     341    :557@H55_:326@HB2        1     0.04     3.97        0
     342    :557@H41_:332@HD3        1     0.04     3.99        0
     343     :557@N2_:327@HG3        1     0.04     4.01        0
     344   :557@H40_:335@HG23        1     0.04     4.02        0
     345    :557@H16_:327@HG3        1     0.04     4.02        0
     346    :557@C11_:327@HD3        1     0.04     4.02        0
     347     :557@C19_:332@CD        1     0.04     4.03        0
     348     :557@H41_:332@CD        1     0.04     4.03        0
     349       :557@H7_:330@O        1     0.04     4.04        0
     350      :557@C4_:327@CG        1     0.04     4.04        0
     351      :557@H24_:326@C        1     0.04     4.05        0
     352     :557@H24_:326@HA        1     0.04     4.05        0
     353     :557@H11_:327@CD        1     0.04     4.05 5.96e-08
     354     :557@H19_:326@HA        1     0.04     4.06        0
     355     :557@H25_:325@CG        1     0.04      4.1        0
     356     :557@H24_:327@CA        1     0.04      4.1        0
     357    :557@H24_:327@HG3        1     0.04     4.11        0
     358    :557@H19_:327@HG2        1     0.04     4.11        0
     359     :557@H27_:325@HA        1     0.04     4.12        0
     360      :557@H27_:325@C        1     0.04     4.13        0
     361     :557@H24_:327@CD        1     0.04     4.13        0
     362     :557@C7_:327@HB3        1     0.04     4.13        0
     363    :557@C12_:325@HB2        1     0.04     4.13        0
     364     :557@H11_:327@CA        1     0.04     4.14        0
     365     :557@H55_:326@CB        1     0.04     4.16        0
     366      :557@H49_:370@O        1     0.04     4.17        0
     367     :557@H9_:327@HD2        1     0.04     4.17        0
     368     :557@C8_:327@HB3        1     0.04     4.18 5.96e-08
     369      :557@H28_:325@O        1     0.04     4.18        0
     370       :557@H8_:330@O        1     0.04     4.19        0
     371     :557@H24_:327@CB        1     0.04     4.21 5.96e-08
     372     :557@H16_:327@CB        1     0.04     4.21        0
     373    :557@C11_:325@HG3        1     0.04     4.21        0
     374      :557@N3_:327@CB        1     0.04     4.21        0
     375    :557@H19_:327@HD2        1     0.04     4.21 5.96e-08
     376      :557@H24_:325@C        1     0.04     4.23        0
     377     :557@N5_:327@HB3        1     0.04     4.23 5.96e-08
     378     :557@H55_:331@CG        1     0.04     4.24        0
     379     :557@H8_:329@HD2        1     0.04     4.25        0
     380    :557@H7_:331@HD21        1     0.04     4.25        0
     381     :557@H18_:326@HA        1     0.04     4.25        0
     382   :557@C25_:335@HG23        1     0.04     4.25        0
     383    :557@C19_:335@OG1        1     0.04     4.26        0
     384     :557@C5_:327@HB2        1     0.04     4.26        0
     385      :557@C8_:327@CG        1     0.04     4.26 5.96e-08
     386    :557@H41_:335@HG1        1     0.04     4.27        0
     387     :557@C5_:327@HG2        1     0.04     4.29        0
     388     :557@N6_:327@HD3        1     0.04     4.29        0
     389      :557@C8_:327@CD        1     0.04     4.29        0
     390    :557@H22_:327@HD3        1     0.04      4.3 5.96e-08
     391       :557@H7_:332@N        1     0.04      4.3 5.96e-08
     392     :557@N9_:371@HA3        1     0.04      4.3 5.96e-08
     393    :557@H18_:325@HG3        1     0.04     4.31 5.96e-08
     394     :557@H40_:335@HB        1     0.04     4.32        0
     395   :557@H54_:331@HD22        1     0.04     4.32        0
     396    :557@H39_:329@HG2        1     0.04     4.34        0
     397    :557@C19_:335@HG1        1     0.04     4.34        0
     398      :557@H54_:327@N        1     0.04     4.34        0
     399      :557@N1_:332@CG        1     0.04     4.35        0
     400     :557@H9_:332@HD3        1     0.04     4.37        0
     401     :557@N6_:327@HG3        1     0.04     4.37        0
     402     :557@H3_:327@HG3        1     0.04     4.37        0
     403    :557@H25_:325@HE3        1     0.04     4.37 5.96e-08
     404     :557@H55_:331@HG        1     0.04     4.39        0
     405     :557@H16_:327@HA        1     0.04     4.39        0
     406     :557@H57_:325@CE        1     0.04      4.4        0
     407     :557@H40_:335@CB        1     0.04      4.4        0
     408     :557@H27_:325@CB        1     0.04      4.4        0
     409   :557@H40_:331@HD23        1     0.04     4.41        0
     410     :557@H12_:327@CG        1     0.04     4.41        0
     411     :557@H18_:327@CD        1     0.04     4.41 5.96e-08
     412    :557@C10_:327@HD3        1     0.04     4.42        0
     413    :557@H27_:325@HG3        1     0.04     4.42        0
     414    :557@H7_:331@HD23        1     0.04     4.42 5.96e-08
     415   :557@H50_:331@HD23        1     0.04     4.43        0
     416     :557@C11_:326@HA        1     0.04     4.43 5.96e-08
     417     :557@H24_:327@CG        1     0.04     4.43        0
     418    :557@H41_:335@OG1        1     0.04     4.43        0
     419     :557@C4_:327@HB2        1     0.04     4.43        0
     420     :557@N6_:327@HB3        1     0.04     4.44 5.96e-08
     421    :557@C24_:371@HA3        1     0.04     4.44        0
     422      :557@H11_:327@N        1     0.04     4.45        0
     423     :557@H25_:325@CB        1     0.04     4.45        0
     424    :557@C11_:325@HB2        1     0.04     4.45        0
     425     :557@N3_:327@HB2        1     0.04     4.45        0
     426    :557@C11_:327@HB3        1     0.04     4.46        0
     427    :557@H18_:325@HE3        1     0.04     4.46        0
     428      :557@H55_:330@O        1     0.04     4.46 5.96e-08
     429     :557@C2_:332@HD2        1     0.04     4.47        0
     430    :557@H54_:331@CD2        1     0.04     4.47        0
     431      :557@C11_:325@C        1     0.04     4.48 5.96e-08
     432    :557@C27_:326@HB3        1     0.04     4.48        0
     433      :557@N2_:327@CB        1     0.04     4.49        0
     434    :557@H10_:329@HD2        1     0.04     4.49        0
     435   :557@C23_:331@HD22        1     0.04      4.5        0
     436     :557@H8_:327@HD2        1     0.04      4.5        0
