#Residue RMSF_Angstrom
0 5.462034
1 3.304065
2 2.908251
3 2.937223
4 2.777200
5 2.480063
6 2.340128
7 2.345234
8 2.121483
9 1.868434
10 1.875413
11 1.800814
12 1.574014
13 1.517140
14 1.531867
15 1.430208
16 1.319509
17 1.490941
18 1.582694
19 1.199795
20 0.929747
21 0.852476
22 1.015378
23 1.328655
24 1.390283
25 1.096935
26 1.214486
27 1.533352
28 1.511560
29 1.272745
30 1.284798
31 1.644358
32 1.591119
33 1.348213
34 1.537072
35 1.378301
36 1.452576
37 1.358045
38 1.147957
39 1.119943
40 1.217871
41 1.017686
42 0.822333
43 0.973174
44 1.026092
45 0.837354
46 0.840611
47 1.062880
48 1.087831
49 0.985390
50 1.148430
51 1.351567
52 1.361663
53 1.286528
54 1.111438
55 1.083000
56 1.030409
57 0.890908
58 0.742798
59 0.666176
60 0.656170
61 0.554423
62 0.547478
63 0.550803
64 0.527006
65 0.477632
66 0.546825
67 0.602725
68 0.570226
69 0.602576
70 0.719212
71 0.789074
72 0.838703
73 0.946210
74 1.099405
75 1.050190
76 1.328614
77 1.530240
78 1.697184
79 1.256540
80 1.141201
81 1.145812
82 1.108846
83 0.880231
84 0.829450
85 0.923059
86 0.850466
87 0.645903
88 0.798393
89 0.966496
90 0.853500
91 0.788769
92 1.001499
93 1.112545
94 1.067838
95 1.223850
96 1.601887
97 2.205784
98 2.015381
99 1.833417
100 1.451713
101 1.512041
102 1.386825
103 1.625894
104 1.617020
105 1.313940
106 1.464082
107 1.648869
108 1.464141
109 1.463978
110 1.737424
111 1.742739
112 1.633350
113 1.474506
114 1.545302
115 1.414653
116 1.451743
117 1.237083
118 1.131335
119 1.137751
120 1.067759
121 0.865905
122 0.820822
123 0.812296
124 0.683640
125 0.626363
126 0.651227
127 0.652836
128 0.618395
129 0.638156
130 0.743747
131 0.776726
132 0.829646
133 0.777750
134 0.866193
135 0.787469
136 1.089096
137 1.295617
138 1.457211
139 1.601711
140 1.524696
141 1.402308
142 1.356764
143 1.534978
144 1.614944
145 1.528745
146 1.612339
147 1.816571
148 1.790911
149 1.707008
150 1.951767
151 1.833325
152 2.020259
153 2.013750
154 2.030860
155 1.856557
156 1.706978
157 1.690255
158 1.646165
159 1.501724
160 1.471278
161 1.519313
162 1.381209
163 1.268195
164 1.297669
165 1.351960
166 1.183407
167 1.041515
168 1.022190
169 1.112509
170 1.040983
171 0.868447
172 0.876950
173 1.202782
174 1.178378
175 1.334867
176 1.016288
177 0.902503
178 1.246230
179 1.229376
180 1.245908
181 1.090661
182 1.276010
183 1.269928
184 1.110233
185 1.128928
186 1.293659
187 1.268572
188 1.179274
189 1.242392
190 1.300147
191 1.338408
192 1.387569
193 1.443546
194 1.892964
195 2.549134
196 3.612170
197 3.585650
198 4.212645
199 4.502961
200 4.235907
201 5.261909
202 5.534668
203 3.725574
204 3.192397
205 2.362094
206 2.403561
207 2.241042
208 2.310047
209 2.299537
210 1.999691
211 1.875829
212 2.043091
213 2.036587
214 1.702805
215 1.851036
216 2.041746
217 2.012710
218 1.817579
219 1.968830
220 1.954651
221 1.978921
222 1.917945
223 1.960235
224 1.800087
225 1.626220
226 1.694209
227 1.624023
228 1.415073
229 1.507810
230 1.641777
231 1.385757
232 1.353452
233 1.662584
234 1.665720
235 1.426480
236 1.691784
237 2.053848
238 2.142515
239 2.178313
240 2.679369
241 3.056507
242 3.681256
243 5.405846
244 4.383193
245 2.784105
246 1.738552
247 1.494456
248 1.614129
249 1.752484
250 2.057189
251 2.236807
252 3.131001
253 3.964594
254 2.446153
255 1.756058
256 1.395388
257 1.366450
258 1.133287
259 1.249498
260 1.275528
261 1.264454
262 1.198408
263 1.208291
264 1.245310
265 1.215388
266 1.461702
267 1.433521
268 1.745224
269 1.302305
270 1.050114
271 1.198027
272 1.355694
273 1.542095
274 1.227790
275 1.021829
276 0.926795
277 1.038673
278 1.002577
279 0.960133
280 1.081945
281 1.120235
282 1.116761
283 1.233668
284 1.282891
285 1.601505
286 1.913656
287 1.756046
288 1.749816
289 1.404781
290 1.276348
291 1.017603
292 1.030947
293 1.052244
294 1.258531
295 1.153862
296 1.181244
297 1.109694
298 0.841858
299 0.813752
300 0.852366
301 0.975349
302 1.140778
303 1.513522
304 1.297820
305 1.206532
306 1.116235
307 0.965321
308 0.958556
309 0.967557
310 1.056488
311 1.142114
312 1.322624
313 1.441095
314 1.257692
315 1.744658
316 1.055863
317 1.010731
318 0.839023
319 0.942096
320 1.107931
321 1.173577
322 1.142333
323 1.380178
324 1.599364
325 1.506708
326 1.810300
327 1.994882
328 1.867903
329 1.486563
330 1.297324
331 1.409658
332 1.375491
333 1.363080
334 1.150865
335 1.009851
336 1.107388
337 1.136726
338 0.926584
339 0.902344
340 1.086988
341 1.000247
342 0.847642
343 0.970531
344 1.154508
345 1.009284
346 0.943558
347 1.213252
348 1.283188
349 1.096300
350 1.201278
351 1.478420
352 1.396207
353 1.302889
354 1.139109
355 1.125114
356 1.109968
357 1.155035
358 1.085352
359 0.806942
360 0.806094
361 0.722023
362 0.822410
363 0.814466
364 0.792712
365 0.783412
366 0.918060
367 1.095338
368 1.491291
369 1.713591
370 1.493316
371 1.281710
372 0.935518
373 0.851785
374 0.767777
375 0.851389
376 0.902154
377 1.065345
378 1.883986
379 1.598977
380 1.653462
381 1.454173
382 1.277374
383 1.062681
384 1.222463
385 1.305756
386 1.536514
387 1.583047
388 1.502281
389 1.637506
390 1.840557
391 1.842736
392 1.838625
393 1.714376
394 1.508175
395 1.431090
396 1.260455
397 1.245302
398 1.161357
399 0.948483
400 0.975155
401 1.014294
402 0.872636
403 0.803944
404 0.952280
405 0.939939
406 0.791729
407 0.858511
408 1.017000
409 0.978452
410 0.978713
411 1.120081
412 1.345037
413 1.288493
414 1.289343
415 1.222558
416 1.292275
417 1.433263
418 1.610167
419 1.850922
420 2.175714
421 1.995545
422 1.874937
423 2.073728
424 2.042351
425 1.703779
426 1.757364
427 1.959727
428 1.749169
429 1.566270
430 1.785119
431 1.907631
432 1.744059
433 1.729900
434 1.971163
435 2.139679
436 2.103956
437 2.494434
438 2.662364
439 2.731993
440 2.340163
441 2.174659
442 2.131314
443 2.432833
444 2.611178
445 2.379333
446 2.619521
447 2.524731
448 2.883531
449 2.661588
450 2.968037
451 2.912984
452 2.683634
453 2.904290
454 2.748348
455 2.526663
456 2.348978
457 2.001556
458 1.899976
459 1.979652
460 1.987177
461 2.353720
462 2.379752
463 2.103871
464 1.922035
465 2.054248
466 2.021546
467 1.769482
468 1.879779
469 1.986953
470 1.776923
471 1.434703
472 1.540072
473 1.635984
474 1.379128
475 1.234975
476 1.424382
477 1.388924
478 1.151911
479 1.269737
480 1.434829
481 1.548092
482 1.649868
483 1.522000
484 1.689517
485 1.684749
486 1.413678
487 1.341335
488 1.296786
489 1.164568
490 1.467869
491 1.510311
492 1.277967
493 1.324899
494 1.635779
495 1.587446
496 1.745171
497 1.485042
498 1.440377
499 1.934408
500 3.352849
501 5.093140
502 3.703044
503 2.296338
504 1.982777
505 1.523002
506 1.583509
507 1.583990
508 1.651392
509 1.516213
510 1.659281
511 1.917032
512 2.002690
513 1.909896
514 1.958163
515 1.808734
516 1.938153
517 1.739468
518 1.466400
519 1.430623
520 1.384515
521 1.281872
522 1.090448
523 1.130227
524 1.116225
525 0.934648
526 0.849595
527 0.971667
528 0.949515
529 0.859504
530 0.904894
531 0.984288
532 1.074461
533 1.092212
534 1.194757
535 1.404324
536 1.476024
537 1.312491
538 1.545185
539 1.349697
540 1.340407
541 1.320562
542 1.727082
543 1.804102
544 1.597404
545 1.957749
546 1.946425
547 2.424135
548 2.823352
549 2.651603
550 2.531735
551 1.894176
552 2.113653
553 1.558046
554 1.720614
555 2.048746
